@relation cancer
@attribute 0 NUMERIC
@attribute 1 NUMERIC
@attribute 2 NUMERIC
@attribute 3 NUMERIC
@attribute 4 NUMERIC
@attribute 5 NUMERIC
@attribute 6 NUMERIC
@attribute 7 NUMERIC
@attribute classes {0,1,}
@data
0.08279629629626563,0.1286259259258783,0.12917407407402623,0.14131481481476246,0.12299259259254704,0.1313407407406921,0.0932333333332988,0.17052222222215907,0
0.1040222222221837,0.12741481481476763,0.1011592592592218,0.12354814814810239,0.11204074074069924,0.13091481481476633,0.10700740740736778,0.19389259259252078,0
0.0872037037036714,0.12337407407402838,0.1275333333332861,0.1456555555555016,0.12480370370365748,0.1254888888888424,0.09494814814811298,0.17099259259252927,0
0.10315925925922105,0.11888518518514116,0.08593703703700521,0.1092703703703299,0.11934444444440025,0.14544074074068689,0.1218259259258808,0.1961370370369644,0
0.08391851851848743,0.11944444444440021,0.11979629629625192,0.13132222222217357,0.12601111111106444,0.1382074074073562,0.10438888888885023,0.1769111111110456,0
0.09061111111107756,0.1313370370369884,0.12068518518514049,0.1281370370369896,0.119111111111067,0.13157407407402535,0.09804444444440813,0.18049999999993316,0
0.10167777777774012,0.13379999999995043,0.10841111111107096,0.11366296296292086,0.10686666666662709,0.13799259259254149,0.1046518518518131,0.19293703703696558,0
0.09581111111107563,0.13489999999995003,0.10954814814810758,0.12351481481476907,0.09663333333329754,0.137388888888838,0.10481111111107229,0.19739259259251948,0
0.061255555555532866,0.11415925925921698,0.14871851851846343,0.1783481481480821,0.1429407407406878,0.12532592592587952,0.08619999999996808,0.14305185185179886,0
0.11628888888884582,0.12901111111106334,0.08685185185181968,0.09457777777774275,0.09968888888885197,0.1416851851851327,0.11761481481477125,0.2142814814814021,0
0.10699259259255296,0.12567407407402753,0.09059999999996644,0.11159999999995866,0.10708148148144182,0.13967777777772605,0.11540370370366096,0.2029703703702952,0
0.08247037037033983,0.13415555555550587,0.14158148148142904,0.13280740740735822,0.11446296296292056,0.12584444444439782,0.09460740740737236,0.1740703703703059,0
0.06095555555553298,0.11074814814810713,0.14874444444438936,0.19497037037029816,0.14520740740735363,0.12059259259254793,0.07768148148145271,0.14109999999994774,0
0.09729259259255656,0.11950740740736314,0.10968148148144086,0.13975555555550379,0.11553703703699425,0.1284962962962487,0.10404444444440591,0.18568518518511642,0
0.05994814814812594,0.1043370370369984,0.1492999999999447,0.21404444444436516,0.1486592592592042,0.11432962962958729,0.07934814814811876,0.13003333333328518,0
0.10668148148144196,0.12777777777773044,0.09342962962959503,0.10623703703699769,0.10198148148144372,0.13600370370365333,0.11772592592588232,0.2101629629628851,0
0.08271851851848788,0.11494444444440187,0.11210740740736588,0.15193333333327705,0.12932962962958172,0.1335740740740246,0.10564814814810902,0.16974444444438158,0
0.08714444444441218,0.12677777777773083,0.11383703703699488,0.12994074074069262,0.12852962962958203,0.13318518518513586,0.10377037037033193,0.17681481481474934,0
0.08358518518515423,0.11977037037032601,0.1129185185184767,0.12901481481476704,0.13060740740735904,0.1413370370369847,0.10507037037033146,0.1776962962962305,0
0.09763333333329717,0.13068888888884048,0.11527407407403138,0.12057037037032571,0.11802962962958591,0.13402592592587628,0.09698148148144556,0.1867962962962271,0
0.08567407407404234,0.12147407407402909,0.11813333333328958,0.1465888888888346,0.1273777777777306,0.13332592592587655,0.09782222222218599,0.1696037037036409,0
0.07616296296293476,0.10904074074070036,0.12797037037032297,0.2099703703702926,0.12569259259254603,0.10977777777773712,0.0910111111110774,0.15037407407401837,0
0.09013333333329995,0.13255925925921017,0.11908888888884478,0.1298925925925445,0.11859629629625237,0.12765185185180458,0.09885925925922265,0.18321851851845067,0
0.08629629629626434,0.13477037037032044,0.1284888888888413,0.13271851851846936,0.11867407407403012,0.12744074074069353,0.09483333333329821,0.1767777777777123,0
0.09647777777774204,0.13143703703698836,0.10982962962958895,0.1238814814814356,0.11112592592588477,0.1311999999999514,0.10674074074070121,0.18930740740733729,0
0.08824814814811546,0.12153703703699202,0.12136296296291801,0.15218518518512883,0.1211851851851403,0.1232592592592136,0.09837777777774134,0.17384444444438005,0
0.0983185185184821,0.11884074074069673,0.10415925925922068,0.146422222222168,0.1210333333332885,0.1296037037036557,0.0983111111110747,0.18331111111104323,0
0.09935555555551875,0.13878518518513377,0.09034814814811469,0.10422222222218362,0.09374074074070603,0.13858148148143015,0.12241851851847317,0.21254814814806944,0
0.0886296296295968,0.12582222222217562,0.1143592592592169,0.14126296296291063,0.1343592592592095,0.13041481481476652,0.09239259259255837,0.17275925925919527,0
0.07299999999997296,0.12315925925921364,0.15227407407401766,0.16100370370364409,0.12993333333328522,0.1227592592592138,0.08247777777774723,0.15539259259253504,0
0.10705555555551591,0.133407407407358,0.0989407407407041,0.10612962962959033,0.10189259259255486,0.13523703703698695,0.11423703703699473,0.20309999999992479,0
0.10559999999996089,0.1318407407406919,0.10191481481477707,0.117207407407364,0.10230740740736952,0.1300925925925444,0.11011481481477403,0.2009222222221478,0
0.09865185185181531,0.133718518518469,0.10187037037033264,0.10297407407403593,0.10627777777773842,0.1392962962962447,0.11326296296292102,0.2039481481480726,0
0.10866296296292272,0.13141851851846983,0.09809629629625996,0.10484814814810932,0.10475925925922046,0.13862592592587458,0.11200370370366222,0.2015851851851105,0
0.08879999999996711,0.13221111111106215,0.11227037037032879,0.11358148148143941,0.1094444444444039,0.1381888888888377,0.1098999999999593,0.19560370370363125,0
0.09484444444440931,0.13590370370365337,0.11130740740736618,0.1162592592592162,0.10820370370366363,0.134340740740691,0.10739629629625652,0.19174444444437344,0
0.11278148148143971,0.13854074074068942,0.09170740740737345,0.0857740740740423,0.09305555555552109,0.1419481481480956,0.11875555555551157,0.2174370370369565,0
0.03205185185183998,0.060374074074051716,0.16052222222216278,0.3759370370368978,0.1791370370369707,0.07484444444441672,0.04484444444442783,0.07228888888886212,0
0.10021111111107399,0.13267777777772863,0.10936296296292246,0.11377777777773564,0.1130740740740322,0.1353370370369869,0.10485925925922042,0.19069999999992937,0
0.07452222222219462,0.11805185185180812,0.13599629629624593,0.15983703703697782,0.1384888888888376,0.12602592592587925,0.08969629629626308,0.1573814814814232,0
0.11094814814810705,0.13681111111106045,0.09965925925922235,0.09900370370366704,0.09671481481477899,0.1353407407406906,0.1111703703703292,0.21035185185177394,0
0.09379999999996526,0.12809259259254516,0.09965925925922235,0.11235185185181024,0.11008888888884812,0.13718148148143067,0.11916296296291883,0.19966296296288902,0
0.0903777777777443,0.12666666666661974,0.11172962962958825,0.12280740740736193,0.11824814814810435,0.1376888888888379,0.10711481481477514,0.185366666666598,0
0.08987037037033709,0.12358888888884312,0.10906296296292257,0.13285185185180265,0.12157407407402905,0.135622222222172,0.10621851851847917,0.181211111111044,0
0.07476296296293528,0.12243703703699169,0.12851851851847093,0.14822222222216733,0.1245222222221761,0.12934074074069285,0.10041111111107393,0.17178518518512156,0
0.09914814814811143,0.12129999999995507,0.10375185185181343,0.13775925925920823,0.11902222222217813,0.12919629629624846,0.10191111111107337,0.1879111111110415,0
0.08912222222218921,0.1267333333332864,0.11124444444440325,0.12574814814810156,0.11119629629625512,0.13020740740735917,0.11231481481477322,0.19343333333326168,0
0.09092222222218854,0.12669999999995307,0.10830370370366359,0.12088888888884411,0.11992592592588151,0.13981851851846674,0.109592592592552,0.18384814814808007,0
0.08634444444441247,0.12425555555550953,0.11944074074069651,0.1527703703703138,0.1286370370369894,0.12637037037032356,0.09292962962959521,0.16925185185178918,0
0.09671111111107529,0.12061481481477014,0.1029148148147767,0.13800370370365259,0.12485555555550931,0.12984444444439636,0.10137777777774024,0.185677777777709,0
0.078125925925897,0.1265999999999531,0.1358296296295793,0.16605185185179036,0.11840740740736355,0.1207074074073627,0.09005555555552221,0.1642222222221614,0
0.09488518518515004,0.13303333333328407,0.11321111111106918,0.12178518518514007,0.11202222222218074,0.13059259259254422,0.10236296296292505,0.19210740740733626,0
0.08200740740737704,0.133233333333284,0.13627777777772732,0.13576296296291268,0.1105407407406998,0.1283481481481006,0.09812592592588958,0.17570370370363864,0
0.09515555555552031,0.13677037037031972,0.1089629629629226,0.11509999999995738,0.11113703703699587,0.13715555555550477,0.10421481481477622,0.1915037037036328,0
0.07013333333330736,0.11102592592588481,0.13859259259254125,0.179307407407341,0.14697777777772333,0.12406666666662071,0.0826074074073768,0.14728888888883435,0
0.09843703703700057,0.12731851851847137,0.10242592592588799,0.12857407407402646,0.11514444444440179,0.13061851851847014,0.10509259259255367,0.19238888888881764,0
0.05970370370368159,0.11288148148143967,0.14409999999994663,0.1950037037036315,0.14397037037031704,0.11917777777773364,0.08219629629626585,0.14296666666661373,0
0.08502222222219073,0.12717777777773068,0.1254703703703239,0.1361037037036533,0.12461481481476866,0.1297296296295816,0.09714444444440846,0.17473703703697233,0
0.08321111111108029,0.1232444444443988,0.1371962962962455,0.1481555555555007,0.12358518518513942,0.12985185185180376,0.08809999999996737,0.16665555555549383,0
0.08177037037034009,0.12532962962958322,0.12087777777773301,0.12488148148143523,0.11844444444440058,0.13745185185180095,0.10586666666662746,0.1853777777777091,0
0.07276666666663971,0.12614814814810144,0.13732222222217136,0.15491851851846114,0.12114074074069588,0.12712592592587885,0.0965555555555198,0.16402222222216148,0
0.11527407407403138,0.1307259259258775,0.08532962962959803,0.09062592592589236,0.09572592592589046,0.1411814814814292,0.12031481481477026,0.22082222222214043,0
0.07173703703701047,0.1172185185184751,0.1389629629629115,0.17090740740734411,0.13634444444439395,0.12636666666661986,0.08689629629626411,0.15156666666661053,0
0.09907407407403739,0.13154444444439573,0.10168148148144382,0.11500740740736481,0.11332592592588395,0.13838148148143023,0.10777037037033045,0.19321481481474326,0
0.09267037037033604,0.13518148148143141,0.11507407407403146,0.11719629629625289,0.11221481481477326,0.13384074074069116,0.10374074074070232,0.19008148148141107,0
0.07071481481478863,0.11196296296292149,0.13361481481476534,0.1877333333332638,0.14026296296291102,0.11792222222217855,0.08716296296293068,0.15062592592587012,0
0.09905925925922257,0.12855185185180423,0.1045148148147761,0.11708518518514183,0.11272222222218048,0.13492222222217226,0.1094333333332928,0.19371111111103936,0
0.09536666666663135,0.12993333333328522,0.11165925925921791,0.12656666666661978,0.10072962962959232,0.13020370370365547,0.10873333333329306,0.19680740740733452,0
0.07505555555552776,0.12127777777773285,0.11986296296291857,0.12621481481476807,0.11787037037032672,0.14267777777772495,0.11141851851847726,0.18562222222215347,0
0.10398888888885037,0.12715555555550845,0.1089518518518115,0.12386296296291709,0.10775185185181195,0.13279999999995082,0.10013703703699994,0.1953518518517795,0
0.09652592592589017,0.12580370370365712,0.10394444444440594,0.12556296296291647,0.11699259259254927,0.13352592592587648,0.10660740740736792,0.19103703703696628,0
0.10326296296292471,0.13286296296291375,0.10424074074070214,0.11567777777773493,0.1100555555555148,0.13430740740735767,0.10312222222218403,0.1964703703702976,0
0.09235185185181764,0.1259592592592126,0.11235925925921765,0.13223703703698805,0.12615555555550884,0.13348148148143205,0.09921111111107436,0.17824444444437842,0
0.11031481481477395,0.13285185185180265,0.09520370370366844,0.10374814814810972,0.10479629629625749,0.13572222222217195,0.11269259259255085,0.20467037037029456,0
0.07202592592589925,0.1230851851851396,0.15397777777772076,0.15987407407401485,0.129599999999952,0.12520370370365733,0.08350370370367277,0.15272962962957307,0
0.10206666666662886,0.12734074074069357,0.10123703703699954,0.11125925925921805,0.10750370370366388,0.14097407407402185,0.11262592592588422,0.19699259259251964,0
0.10796666666662667,0.12851851851847093,0.09429999999996508,0.11209999999995848,0.10561111111107199,0.13448148148143169,0.11145185185181057,0.20557037037029424,0
0.054848148148127836,0.10771851851847862,0.1577111111110527,0.2088222222221449,0.156737037036979,0.11598148148143853,0.073696296296269,0.12448518518513908,0
0.08285925925922857,0.11648518518514205,0.12425185185180583,0.16411851851845774,0.13204074074069183,0.1266222222221753,0.09130740740737359,0.1623148148147547,0
0.09049259259255908,0.1246740740740279,0.11285925925921746,0.1442148148147614,0.12381111111106526,0.13189629629624744,0.09540740740737207,0.17664444444437902,0
0.10080370370366637,0.11741851851847503,0.10294074074070261,0.1424444444443917,0.13074814814809974,0.13239999999995097,0.09447777777774279,0.17876666666660046,0
0.09572592592589046,0.12741851851847133,0.10715185185181217,0.12101481481477,0.11757407407403053,0.13550370370365353,0.10537037037033134,0.1902407407406703,0
0.11967407407402975,0.1349666666666167,0.08109629629626626,0.08097777777774778,0.08861851851848569,0.14002962962957777,0.13179999999995118,0.2228370370369545,0
0.06893703703701151,0.11948148148143722,0.1427999999999471,0.18163333333326606,0.13506666666661665,0.1210333333332885,0.08426666666663546,0.1467814814814271,0
0.0949888888888537,0.12571851851847196,0.1051333333332944,0.13416296296291327,0.10745925925921945,0.12917037037032253,0.11121481481477362,0.1921518518517807,0
0.07521851851849067,0.12517037037032402,0.13852962962957832,0.15680740740734933,0.12457407407402793,0.13140740740735873,0.0873444444444121,0.16094814814808853,0
0.0746407407407131,0.11834814814810432,0.1281370370369896,0.17252222222215832,0.14312962962957662,0.12599629629624964,0.08526296296293139,0.15196296296290668,0
0.09535555555552024,0.1353333333332832,0.11384814814810598,0.11583333333329043,0.10946296296292242,0.13774444444439343,0.10215185185181402,0.1902703703702999,0
0.07773703703700824,0.11851111111106721,0.13729259259254176,0.16411481481475404,0.13950370370365203,0.1242037037036577,0.0846666666666353,0.15397037037031333,0
0.05667407407405308,0.10504814814810924,0.12714444444439735,0.17037037037030728,0.14001851851846667,0.13522222222217214,0.10532222222218321,0.16019999999994067,0
0.10982222222218155,0.13382222222217266,0.09579999999996452,0.0975148148147787,0.09933333333329654,0.13905185185180036,0.11402592592588369,0.21062962962955162,0
0.10358888888885052,0.1332259259258766,0.10886296296292264,0.10849259259255241,0.10789999999996004,0.13774814814809713,0.10326296296292471,0.19691851851844558,0
0.08937037037033727,0.11836666666662282,0.10390740740736892,0.11903703703699295,0.11518148148143882,0.14130740740735506,0.12088148148143671,0.19194814814807706,0
0.1092666666666262,0.13252592592587684,0.09308888888885442,0.1005296296295924,0.09814074074070439,0.13857407407402275,0.11636296296291987,0.21151111111103277,0
0.08568518518515345,0.1283666666666191,0.11204814814810665,0.11125185185181065,0.10865555555551532,0.14034074074068875,0.1149814814814389,0.19867037037029678,0
0.09506666666663145,0.13938518518513357,0.12191481481476966,0.11769999999995641,0.10915925925921884,0.1310074074073589,0.09794444444440817,0.18782222222215267,0
0.08594074074070891,0.12476296296291675,0.12104074074069592,0.1483333333332784,0.12808888888884146,0.1303777777777295,0.09145925925922538,0.16999629629623333,0
0.08375925925922824,0.12435185185180579,0.12020370370365918,0.13668518518513456,0.12172592592588084,0.1326148148147657,0.10552222222218315,0.17513703703697217,0
0.10114814814811068,0.13495185185180186,0.10929629629625581,0.105785185185146,0.10541111111107207,0.141955555555503,0.1051444444444055,0.1963074074073347,0
0.11877037037032638,0.13592592592587557,0.08801111111107851,0.08294814814811742,0.09550370370366833,0.1446999999999464,0.11588148148143856,0.2182592592591784,0
0.0921185185184844,0.13202592592587703,0.12081481481477006,0.13441851851846873,0.11134444444440321,0.12654444444439758,0.09899259259255593,0.18374074074067268,0
0.07646296296293464,0.12298888888884334,0.13033703703698876,0.15352962962957276,0.13475185185180194,0.12877407407402638,0.09032592592589248,0.16282962962956932,0
0.07469999999997233,0.10718148148144178,0.130707407407359,0.20052222222214797,0.14887037037031522,0.114681481481439,0.08015925925922956,0.14317777777772475,0
0.045525925925909067,0.08184444444441413,0.14487407407402042,0.27338888888878765,0.1762888888888236,0.11360370370366163,0.06692592592590114,0.09754814814811202,0
0.07694814814811965,0.13352222222217278,0.13638148148143098,0.14068148148142937,0.12349259259254686,0.12874814814810046,0.09299629629626185,0.1672296296295677,0
0.07793703703700817,0.12005185185180739,0.13654074074069017,0.1729481481480841,0.1411777777777255,0.12161111111106607,0.07935925925922986,0.15037407407401837,0
0.09498518518515,0.1356259259258757,0.10919629629625585,0.12390740740736152,0.10535555555551654,0.13586296296291264,0.10307037037033219,0.1919962962962252,0
0.07653333333330499,0.11392962962958743,0.11941851851847429,0.1753407407406758,0.13201111111106223,0.12433703703699099,0.09723703703700103,0.16119259259253288,0
0.08523333333330177,0.12830740740735988,0.1305555555555072,0.13332592592587655,0.12488888888884263,0.129462962962915,0.09346666666663205,0.17475925925919453,0
0.09934444444440765,0.1303740740740258,0.0998962962962593,0.10981851851847785,0.10417037037033179,0.13915925925920772,0.11663333333329014,0.2006037037036294,0
0.09367407407403938,0.1248333333332871,0.10718148148144178,0.126762962962916,0.11903333333328925,0.13313703703698773,0.10699999999996038,0.188377777777708,0
0.07985185185182228,0.12844444444439687,0.12714074074069365,0.15163703703698087,0.13628148148143102,0.12533703703699062,0.08933703703700395,0.16197037037031037,0
0.08262962962959902,0.11321481481477288,0.11841851851847467,0.17175925925919563,0.13141481481476613,0.12900740740735964,0.0930740740740396,0.16048148148142205,0
0.09174444444441046,0.12191851851847336,0.10401851851848,0.1378629629629119,0.11555925925921647,0.1356074074073572,0.10836296296292283,0.18492592592585744,0
0.10651111111107166,0.12782962962958228,0.0990999999999633,0.10522222222218325,0.10933333333329284,0.13875925925920787,0.11204444444440295,0.2011999999999255,0
0.1002296296295925,0.12712222222217515,0.10551111111107203,0.1232629629629173,0.1130740740740322,0.13567777777772752,0.10301111111107296,0.19211111111103996,0
0.07629259259256434,0.11925185185180769,0.12206296296291776,0.14095925925920705,0.12930370370365582,0.1349777777777278,0.1037185185184801,0.1734333333332691,0
0.0968703703703345,0.13266296296291383,0.10351851851848018,0.1111888888888477,0.10396296296292445,0.13492592592587596,0.11444444444440206,0.20242592592585096,0
0.07764814814811939,0.11801481481477111,0.12297037037032482,0.1626185185184583,0.13794074074068965,0.12606296296291628,0.09366296296292827,0.16108148148142182,0
0.09965555555551865,0.12476296296291675,0.10909259259255219,0.12424814814810213,0.12331481481476914,0.13538888888883874,0.09843333333329687,0.18510370370363516,0
0.10430370370366507,0.12889629629624855,0.10507037037033146,0.11890370370365967,0.11219259259255104,0.13227407407402508,0.10461111111107237,0.1937481481480764,0
0.10160740740736977,0.13711111111106034,0.10851481481477462,0.10416666666662809,0.10479999999996119,0.136592592592542,0.10897037037033001,0.1982370370369636,0
0.10949999999995945,0.13303703703698777,0.09686296296292708,0.11009999999995922,0.10287037037033227,0.13412592592587624,0.1091259259258855,0.20437777777770208,0
0.08498148148145,0.12415555555550957,0.10015555555551846,0.10652962962959017,0.1086296296295894,0.14862962962957457,0.1281703703703229,0.19874814814807454,0
0.09786666666663042,0.13744444444439355,0.11228148148143989,0.1172111111110677,0.11285925925921746,0.134688888888839,0.10057407407403682,0.18707407407400478,0
0.10092962962959225,0.1279925925925452,0.1059481481481089,0.12789629629624893,0.1067222222221827,0.13020370370365547,0.10507037037033146,0.19523703703696474,0
0.09281851851848415,0.12408148148143552,0.1037259259258875,0.13229259259254358,0.1159444444444015,0.13601481481476443,0.10775925925921935,0.18736296296289356,0
0.08347777777774686,0.13766296296291197,0.13305925925920997,0.1315148148147661,0.1111888888888477,0.1281518518518044,0.09659999999996423,0.17834444444437839,0
0.04915185185183365,0.10395185185181335,0.16047407407401465,0.20747037037029353,0.16677777777771602,0.11364444444440236,0.07514814814812032,0.12338148148143578,0
0.10185925925922153,0.1329333333332841,0.1070444444444048,0.11845925925921538,0.10275185185181379,0.12875925925921158,0.10788148148144153,0.20031111111103692,0
0.08404444444441332,0.12664444444439754,0.1233999999999543,0.14745925925920464,0.13004444444439628,0.12679999999995303,0.09111851851848476,0.17048888888882574,0
0.08081111111108118,0.12189999999995485,0.12629999999995323,0.1580333333332748,0.12205925925921406,0.12335185185180617,0.09444814814811317,0.1730962962962322,0
0.09359999999996534,0.13011851851847034,0.11645925925921613,0.1367185185184679,0.12415185185180587,0.1289851851851374,0.09265185185181754,0.17731481481474914,0
0.10651111111107166,0.1373851851851343,0.09451851851848352,0.09458518518515015,0.10205185185181405,0.140574074074022,0.11508888888884626,0.20928518518510766,0
0.0941777777777429,0.13567407407402382,0.11358518518514311,0.11917407407402994,0.10171851851848085,0.1308555555555071,0.10834814814810802,0.1964666666665939,0
0.09361851851848385,0.1372296296295788,0.11042962962958873,0.11504074074069813,0.11203703703699554,0.1353259259258758,0.10554814814810906,0.1907703703702997,0
0.08594074074070891,0.13631481481476432,0.1298814814814334,0.13448148148143169,0.12072962962958492,0.1222777777777325,0.09442222222218725,0.1759518518517867,0
0.09154444444441054,0.1207185185184738,0.10693703703699743,0.1400592592592074,0.12618148148143474,0.13218518518513622,0.10240740740736948,0.17996666666660002,0
0.1222777777777325,0.13996666666661484,0.08498888888885742,0.08079629629626638,0.08587777777774597,0.13874444444439304,0.11897777777773372,0.2283703703702858,0
0.059455555555533536,0.1027666666666286,0.14178888888883637,0.20014814814807402,0.16053333333327388,0.12078888888884415,0.07907407407404479,0.13544444444439427,0
0.0740111111110837,0.12635555555550876,0.1492888888888336,0.1548481481480908,0.12669999999995307,0.12462962962958347,0.08652962962959758,0.15763703703697865,0
0.08115555555552549,0.120218518518474,0.1243703703703243,0.14570370370364974,0.1318185185184697,0.13589629629624597,0.09762592592588977,0.16321111111105066,0
0.08234074074071024,0.12472222222217604,0.1224666666666213,0.15682592592586783,0.13829259259254137,0.12432962962958358,0.08631851851848654,0.1647037037036427,0
0.08146666666663649,0.11887407407403004,0.12176666666662157,0.15985185185179265,0.13615185185180143,0.12158148148143645,0.0936962962962616,0.1666111111110494,0
0.08850740740737463,0.12287777777773226,0.1194333333332891,0.16117777777771808,0.12604074074069405,0.12060370370365904,0.08935925925922616,0.1719999999999363,0
0.10365925925922087,0.12476666666662045,0.10206296296292516,0.11992962962958521,0.11916296296291883,0.1367222222221716,0.10327037037033213,0.1904259259258554,0
0.08711111111107885,0.1186444444444005,0.1181518518518081,0.15473703703697972,0.1329370370369878,0.12588148148143485,0.09434444444440951,0.1681925925925303,0
0.0927444444444101,0.13479259259254267,0.11913703703699291,0.11788518518514153,0.11241111111106948,0.1326074074073583,0.1003703703703332,0.19005185185178147,0
0.11077777777773674,0.12828888888884138,0.08548518518515352,0.09484074074070561,0.10369999999996159,0.1423333333332806,0.12347407407402834,0.21109999999992182,0
0.08988148148144819,0.12338518518513948,0.11601111111106814,0.13799259259254149,0.13138888888884023,0.13046666666661835,0.09528518518514989,0.17558888888882385,0
0.09791111111107485,0.12636666666661986,0.11375925925921712,0.13352592592587648,0.11317037037032845,0.1256370370369905,0.10234074074070283,0.18728888888881953,0
0.1175370370369935,0.13752592592587498,0.08422962962959843,0.08521851851848695,0.08758518518515275,0.13665555555550493,0.12545185185180538,0.22579629629621267,0
0.09887777777774115,0.12496666666662039,0.10341481481477652,0.12354444444439869,0.12107407407402923,0.1340851851851355,0.1049740740740352,0.18906296296289293,0
0.07335925925923209,0.126103703703657,0.14437777777772431,0.16034814814808876,0.12536666666662025,0.12137037037032541,0.0897296296295964,0.15934444444438542,0
0.07170740740738085,0.12885925925921154,0.14210740740735478,0.15115925925920326,0.13092962962958113,0.12604444444439777,0.08930370370367063,0.15988888888882968,0
0.09111111111107736,0.13456296296291312,0.11539259259254986,0.12783333333328598,0.11507407407403146,0.12999999999995185,0.10125925925922176,0.18476666666659824,0
0.08817407407404142,0.12067777777773309,0.11628888888884582,0.17321851851845435,0.11194074074069928,0.11803703703699332,0.09448518518515019,0.17717777777771215,0
0.09558518518514979,0.1309925925925441,0.10890740740736707,0.11459629629625386,0.11286296296292116,0.13969629629624455,0.10749259259255278,0.18986666666659635,0
0.11520740740736474,0.1321444444443955,0.09865555555551901,0.09417037037033549,0.10392592592588744,0.13648518518513464,0.1068888888888493,0.2125222222221435,0
0.10421111111107251,0.11581851851847562,0.08637407407404209,0.12111111111106626,0.110388888888848,0.1421481481480955,0.11859999999995607,0.20134814814807359,0
0.07647777777774946,0.10876666666662638,0.0838703703703393,0.12062222222217754,0.11497407407403148,0.15319259259253584,0.14274074074068788,0.1993555555554817,0
0.08722592592589362,0.12574814814810156,0.11632592592588284,0.1378407407406897,0.1281592592592118,0.1335999999999505,0.0975074074073713,0.1735925925925283,0
0.06690370370367893,0.10411851851847996,0.13349629629624685,0.20920370370362623,0.14597407407402002,0.11686296296291968,0.07981851851848895,0.14362222222216903,0
0.09256296296292868,0.12654814814810128,0.10877407407403379,0.12421481481476881,0.1196037037036594,0.14079999999994786,0.1059407407407015,0.1815555555554883,0
0.10695925925921965,0.13678518518513452,0.09828148148144508,0.09191111111107707,0.0970370370370011,0.14082592592587376,0.11809999999995625,0.21009999999992218,0
0.08363333333330236,0.13438888888883913,0.1338814814814319,0.13302962962958037,0.11684444444440117,0.12918148148143363,0.09514814814811291,0.17389259259252818,0
0.06841111111108578,0.12206296296291776,0.14359629629624313,0.1683555555554932,0.1408740740740219,0.12127777777773285,0.08419629629626511,0.15122592592586992,0
0.07450740740737981,0.11849259259254871,0.15469999999994272,0.16452592592586499,0.130359259259211,0.12430740740736136,0.08137037037034023,0.15173703703698083,0
0.080203703703674,0.11755185185180832,0.12234814814810284,0.1497777777777223,0.1303777777777295,0.13075555555550714,0.09622962962959399,0.17275555555549157,0
0.09170740740737345,0.1311962962962477,0.1213518518518069,0.12605925925921257,0.11296666666662483,0.13355185185180238,0.10025555555551842,0.18291111111104336,0
0.06525185185182768,0.10412592592588736,0.138185185185134,0.22321111111102843,0.16240740740734724,0.11095185185181076,0.07136296296293654,0.1245037037036576,0
0.0870444444444122,0.12315925925921364,0.10995555555551483,0.13529259259254248,0.12029629629625174,0.13517407407402401,0.10490370370366485,0.18417407407400585,0
0.11314444444440254,0.13279259259254342,0.09778888888885268,0.09945185185181502,0.10365185185181346,0.13876296296291157,0.10952592592588536,0.2048814814814056,0
0.08745185185181946,0.12080370370365896,0.11265925925921753,0.16027777777771843,0.1229518518518063,0.1221407407406955,0.09811851851848218,0.17559629629623125,0
0.07410740740737996,0.11774444444440084,0.13490740740735743,0.18149629629622907,0.15020370370364808,0.12210370370365849,0.07652222222219388,0.14291481481476187,0
0.10251481481477685,0.13520740740735734,0.10485185185181302,0.11973703703699269,0.10097777777774038,0.12969629629624826,0.10698148148144186,0.20003333333325923,0
0.06761111111108607,0.11967407407402975,0.09787037037033412,0.14601111111105702,0.13288518518513598,0.13827777777772657,0.11987777777773338,0.17779259259252675,0
0.10089259259255523,0.12758888888884162,0.09525185185181657,0.11906296296291886,0.11305555555551368,0.13807037037031925,0.11015555555551476,0.19592222222214967,0
0.06737777777775282,0.12206296296291776,0.1467777777777234,0.17003703703697406,0.13653333333328277,0.1224518518518065,0.08362962962959866,0.15112962962957366,0
0.08229999999996952,0.12614074074069404,0.1238925925925467,0.1610407407406811,0.1092592592592188,0.1200703703703259,0.10548888888884982,0.17180740740734377,0
0.07488518518515745,0.12154814814810314,0.13019629629624807,0.14996296296290743,0.12448888888884278,0.13020740740735917,0.09931481481477804,0.16939629629623357,0
0.09762592592588977,0.12882592592587822,0.10186296296292524,0.10629999999996063,0.11123703703699583,0.1434222222221691,0.11445185185180946,0.19627407407400138,0
0.07850740740737833,0.10838518518514505,0.1354814814814313,0.19303333333326184,0.13488888888883893,0.11765555555551198,0.08233703703700654,0.14971111111105567,0
0.08902962962959665,0.12329629629625063,0.12607037037032368,0.15779629629623784,0.12905185185180407,0.11845925925921538,0.08849629629626352,0.16779999999993786,0
0.07823703703700806,0.11678148148143823,0.13141851851846983,0.16856666666660425,0.14090370370365152,0.12442592592587984,0.0851222222221907,0.1545444444443872,0
0.07801111111108222,0.11493333333329077,0.12081481481477006,0.16455185185179091,0.14668888888883455,0.12581851851847192,0.09236666666663246,0.15681481481475673,0
0.05879629629627452,0.1106925925925516,0.13112962962958105,0.16688518518512338,0.1358296296295793,0.13254814814809907,0.10364444444440606,0.16047407407401465,0
0.07897037037034112,0.1237259259258801,0.11819999999995622,0.17036296296289988,0.13641481481476428,0.12081111111106636,0.08892222222218929,0.16259259259253236,0
0.10850370370366352,0.1292555555555077,0.09413333333329847,0.10489259259255375,0.10310740740736922,0.13740740740735652,0.11250740740736574,0.21019259259251474,0
0.11005185185181109,0.13167777777772902,0.09614444444440884,0.11012592592588513,0.10565185185181272,0.13664444444439383,0.1059481481481089,0.20375555555548008,0
0.11582222222217932,0.13663703703698643,0.08943703703700391,0.08844444444441169,0.09636666666663098,0.13875925925920787,0.11488148148143894,0.2196518518517705,0
0.06803333333330813,0.12411481481476884,0.12844814814810057,0.14338148148142837,0.12364074074069495,0.1331185185184692,0.10533703703699802,0.1739259259258615,0
0.08647777777774575,0.11869259259254863,0.11729999999995655,0.15442592592586873,0.1273555555555084,0.1295888888888409,0.09769999999996382,0.16845925925919686,0
0.07835185185182283,0.12598148148143481,0.13123703703698844,0.15147037037031427,0.1248333333332871,0.12376296296291713,0.09364814814811347,0.1707148148147516,0
0.08010740740737773,0.11075185185181083,0.11843703703699317,0.17116666666660327,0.1356370370369868,0.12692962962958262,0.0954407407407054,0.1615296296295698,0
0.09670370370366789,0.1272444444443973,0.10888518518514485,0.14615185185179771,0.10194444444440669,0.12544444444439798,0.10347777777773945,0.19014814814807773,0
0.07134814814812172,0.12517037037032402,0.14050740740735537,0.1603740740740147,0.1311962962962477,0.12156666666662164,0.08856666666663386,0.16127037037031064,0
0.08604074074070887,0.12535555555550912,0.11930370370365952,0.1586333333332746,0.12607407407402738,0.12590370370365708,0.0897185185184853,0.1689703703703078,0
0.10963703703699643,0.13669259259254196,0.09498518518515,0.09263333333329903,0.09864444444440791,0.13824074074068954,0.11631111111106804,0.21285555555547672,0
0.10425555555551694,0.1338851851851356,0.10730370370366396,0.109903703703663,0.10242222222218429,0.13573333333328305,0.10589629629625708,0.2005999999999257,0
0.09941111111107429,0.13049629629624795,0.1013370370369995,0.10572592592588677,0.10838148148144133,0.14192592592587336,0.1135481481481061,0.1991740740740003,0
0.09747037037033426,0.12754814814810092,0.11345185185180984,0.1364296296295791,0.1164222222221791,0.12992222222217412,0.09585185185181636,0.18290370370363596,0
0.08997037037033705,0.1273888888888417,0.11963703703699273,0.13495925925920926,0.1157999999999571,0.13345555555550612,0.09895185185181521,0.17983703703697043,0
0.0816185185184883,0.11970740740736308,0.12519999999995363,0.15895925925920038,0.12917037037032253,0.12449629629625018,0.094499999999965,0.16634814814808654,0
0.08641851851848652,0.1281333333332859,0.12683703703699006,0.14066296296291086,0.11917407407402994,0.1256407407406942,0.09717407407403808,0.1759592592591941,0
0.12203703703699184,0.13998518518513334,0.08408148148145034,0.08125555555552547,0.07991851851848891,0.13729259259254176,0.12249629629625093,0.23293333333324706,0
0.09794074074070447,0.1340629629629133,0.10698148148144186,0.1213296296295847,0.11726666666662323,0.1357999999999497,0.09876666666663009,0.18785185185178227,0
0.08182962962959932,0.1268814814814345,0.1291037037036559,0.1465703703703161,0.13168148148143272,0.1283518518518043,0.09079259259255897,0.16478888888882787,0
0.09087407407404041,0.12717407407402698,0.11297037037032853,0.11966296296291865,0.11500740740736481,0.1401037037036518,0.1100592592592185,0.18414814814807995,0
0.0984703703703339,0.1313518518518032,0.10797037037033039,0.12179259259254749,0.11122222222218103,0.1312222222221736,0.10472592592588714,0.19324444444437286,0
0.0773407407407121,0.10924814814810768,0.12860370370365606,0.18641481481474578,0.144692592592539,0.12171111111106603,0.08181481481478452,0.15017407407401845,0
0.08086666666663672,0.12040740740736282,0.11881481481477081,0.13223333333328435,0.12684074074069376,0.13777407407402303,0.10400370370366518,0.17905925925919294,0
0.08970370370367048,0.12028888888884434,0.11922962962958547,0.1467592592592049,0.12352962962958387,0.12671111111106417,0.09794444444440817,0.1758333333332682,0
0.10157407407403646,0.13265555555550643,0.10610740740736811,0.11702962962958628,0.1149851851851426,0.13477037037032044,0.10235555555551765,0.19052222222215165,0
0.11358148148143941,0.13688888888883818,0.09570740740737196,0.09407777777774294,0.09486666666663153,0.13794814814809706,0.11458888888884645,0.2123407407406621,0
0.06062592592590347,0.08604444444441257,0.11533333333329061,0.2625148148147176,0.13173333333328455,0.112603703703662,0.11175555555551417,0.11938888888884468,0
0.07364444444441717,0.12838518518513764,0.14299999999994703,0.1503999999999443,0.12805555555550813,0.12286666666662116,0.09087407407404041,0.16277407407401379,0
0.0976666666666305,0.12805185185180443,0.10318518518514697,0.12014444444439995,0.11649999999995685,0.13591481481476447,0.10759629629625644,0.19094074074067002,0
0.08859999999996719,0.10923333333329288,0.11504074074069813,0.17197777777771409,0.13632592592587545,0.12275185185180638,0.09235555555552134,0.16371481481475417,0
0.081796296296266,0.11701481481477148,0.12304074074069517,0.17081111111104785,0.14636296296290877,0.12637777777773096,0.08226296296293249,0.15233333333327692,0
0.09619999999996437,0.13267037037032123,0.11079999999995896,0.11215185185181031,0.10690740740736782,0.13411111111106144,0.1094333333332928,0.1977259259258527,0
0.06393703703701335,0.12443703703699095,0.14777777777772305,0.16376666666660603,0.13853333333328202,0.12381481481476896,0.08652222222219018,0.15121111111105512,0
0.11094814814810705,0.13575925925920898,0.0916333333332994,0.09931111111107432,0.10232592592588803,0.13441111111106133,0.1141888888888466,0.2114222222221439,0
0.07661851851849014,0.12589999999995338,0.12075555555551083,0.14680370370364934,0.13053333333328498,0.1303925925925443,0.10092962962959225,0.16806666666660441,0
0.07328518518515804,0.11971481481477048,0.14083333333328119,0.1735888888888246,0.14212962962957698,0.1184777777777339,0.08150370370367352,0.15046666666661093,0
0.09027037037033693,0.12331851851847285,0.10227037037033249,0.11411481481477255,0.11407407407403182,0.14126296296291063,0.12521111111106473,0.1894777777777076,0
0.10801851851847852,0.13613333333328292,0.0911518518518181,0.09599999999996445,0.0994296296295928,0.1358074074073571,0.12128518518514027,0.2121740740739955,0
0.09613333333329772,0.12855555555550793,0.10808148148144145,0.12971481481476677,0.10907037037032997,0.13559259259254236,0.10345555555551723,0.18939629629622615,0
0.10217777777773994,0.1362666666666162,0.1052925925925536,0.11375925925921712,0.11130740740736618,0.13550370370365353,0.10166666666662902,0.19402592592585408,0
0.08368518518515419,0.12107037037032553,0.11746296296291946,0.14228148148142877,0.123266666666621,0.13517777777772771,0.10147037037033278,0.17558518518512015,0
0.09261111111107681,0.1235592592592135,0.10824444444440436,0.1354518518518017,0.11607037037032739,0.1314740740740254,0.10648888888884944,0.18609999999993107,0
0.09764074074070457,0.1373814814814306,0.11312592592588402,0.11299999999995815,0.10423703703699844,0.13354444444439498,0.10544444444440539,0.19562592592585348,0
0.052707407407387885,0.0910111111110774,0.12063703703699236,0.20338148148140617,0.15250740740735091,0.13412222222217254,0.10139999999996245,0.14423333333327992,0
0.0919444444444104,0.1330851851851359,0.11688148148143819,0.1221518518518066,0.11317037037032845,0.13459999999995015,0.1019703703703326,0.18619629629622733,0
0.08146296296293279,0.1307407407406923,0.12743703703698983,0.13806666666661552,0.11798888888884519,0.13094074074069226,0.09794074074070447,0.17542222222215725,0
0.07976296296293342,0.13027407407402583,0.12327037037032472,0.1357999999999497,0.11247777777773611,0.12900370370365594,0.10556666666662756,0.18384444444437636,0
0.11270370370366196,0.1203851851851406,0.0916296296295957,0.1135629629629209,0.12485555555550931,0.14147037037031798,0.10052222222218499,0.1948703703702982,0
0.10988148148144078,0.1337148148147653,0.09214444444441032,0.09742962962959355,0.1054481481481091,0.14837777777772282,0.10897777777773741,0.20402592592585037,0
0.0905296296295961,0.12223333333328806,0.11134074074069951,0.13602222222217183,0.12437407407402801,0.13537777777772764,0.10126296296292546,0.17885925925919302,0
0.09319259259255808,0.12858888888884126,0.10682592592588636,0.11524814814810547,0.12255185185180646,0.14302592592587296,0.10665185185181235,0.1839148148147467,0
0.10635185185181247,0.13224444444439545,0.10110740740736995,0.10335185185181357,0.10669999999996048,0.13780740740735636,0.11032592592588507,0.20211111111103625,0
0.08656296296293091,0.1342296296295799,0.12614444444439774,0.13654074074069017,0.11915185185180772,0.1301148148147666,0.09156296296292905,0.1756925925925275,0
0.08518148148144994,0.13286296296291375,0.12239259259254726,0.12731111111106397,0.12313333333328773,0.13034444444439616,0.09825925925922287,0.18051481481474796,0
0.0905259259258924,0.1278592592592119,0.10284444444440635,0.10122222222218473,0.10474444444440564,0.145314814814761,0.12583333333328672,0.20165555555548087,0
0.10890740740736707,0.13299259259254334,0.0906962962962627,0.09603703703700146,0.09678888888885304,0.143585185185132,0.11732222222217877,0.21367037037029124,0
0.09478518518515008,0.12943703703698908,0.10945185185181132,0.12797037037032297,0.10012962962959254,0.13093703703698853,0.10928888888884841,0.19799999999992668,0
0.09621851851848288,0.13000370370365555,0.10776296296292305,0.11756666666662312,0.11567777777773493,0.13511851851846848,0.10755925925921943,0.19009259259252217,0
0.08515185185182031,0.11969259259254826,0.11648888888884575,0.15074074074068491,0.12567037037032383,0.12654444444439758,0.09985925925922227,0.17585185185178673,0
