@relation cancer
@attribute 0 NUMERIC
@attribute 1 NUMERIC
@attribute 2 NUMERIC
@attribute 3 NUMERIC
@attribute 4 NUMERIC
@attribute 5 NUMERIC
@attribute 6 NUMERIC
@attribute 7 NUMERIC
@attribute 8 NUMERIC
@attribute 9 NUMERIC
@attribute classes {0,1,}
@data
0.06457407407405016,0.08757777777774534,0.07335925925923209,0.08341111111108022,0.0903851851851517,0.08536296296293135,0.0662296296296051,0.09127777777774397,0.07667777777774938,0.28114444444434034,0
0.08595925925922743,0.09410740740737256,0.0522629629629436,0.060540740740718316,0.07538148148145356,0.0741518518518244,0.05739259259257134,0.09639629629626059,0.09209629629626219,0.31171111111099564,0
0.06879259259256712,0.08383333333330228,0.06497407407405001,0.0838629629629319,0.09875555555551897,0.08270740740737677,0.06311481481479143,0.090207407407374,0.07605185185182368,0.28769999999989343,0
0.08580740740737562,0.08467407407404272,0.048307407407389515,0.05041851851849984,0.061770370370347494,0.07796296296293409,0.07197777777775112,0.10468518518514641,0.09745555555551946,0.31694074074062334,0
0.06705925925923442,0.08142962962959947,0.0643185185184947,0.07563703703700903,0.08229999999996952,0.0827481481481175,0.06841481481478948,0.09895555555551891,0.08340370370367281,0.2957333333332238,0
0.06992962962960372,0.09193333333329928,0.06958518518515941,0.07531851851849063,0.0805185185184887,0.07787037037034153,0.06697037037034556,0.09342222222218761,0.07916296296293364,0.2952888888887795,0
0.08128148148145138,0.09717407407403808,0.0630481481481248,0.0660703703703459,0.06952962962960388,0.06770740740738233,0.058022222222200735,0.09663333333329754,0.09035555555552209,0.3101777777776629,0
0.07854444444441536,0.09620370370366807,0.06897407407404853,0.06572222222219788,0.08001851851848889,0.06310740740738403,0.043644444444428276,0.0986296296295931,0.08806296296293034,0.31709259259247513,0
0.046925925925908545,0.073696296296269,0.07757407407404535,0.10785555555551561,0.11930740740736322,0.10591111111107189,0.07294814814812113,0.08382592592589488,0.06800370370367852,0.2439518518517615,0
0.08515185185182031,0.09832962962959321,0.04862592592590791,0.04898148148146334,0.05579259259257193,0.0619444444444215,0.057466666666645384,0.1034037037036654,0.09536666666663135,0.34493703703690926,0
0.08399629629626519,0.0935518518518172,0.048907407407389296,0.0501851851851666,0.06640370370367911,0.0678185185184934,0.05841851851849688,0.10474814814810936,0.09446666666663169,0.3315037037035809,0
0.06664444444441976,0.08866666666663382,0.08614814814811624,0.09439999999996504,0.08327407407404323,0.07753703703700832,0.06725185185182694,0.08759259259256015,0.07789259259256374,0.27059259259249235,0
0.04917037037035216,0.07153703703701055,0.07921481481478547,0.11352962962958758,0.13517037037032031,0.11257777777773609,0.07788148148145263,0.08111851851848847,0.060807407407384884,0.21899259259251147,0
0.07986666666663708,0.08494074074070929,0.05243333333331392,0.061922222222199286,0.10792222222218226,0.06762222222219717,0.058122222222200697,0.09716296296292698,0.0852888888888573,0.30471851851840565,0
0.04675555555553824,0.06772962962960455,0.06563333333330902,0.10931481481477433,0.15798148148142296,0.11505925925921665,0.06922222222219658,0.07869629629626715,0.06260370370368051,0.22700370370361964,0
0.08649629629626426,0.09340370370366911,0.050448148148129465,0.049414814814796516,0.06741111111108615,0.06491851851849448,0.05406666666664664,0.10041111111107393,0.0970592592592233,0.3363703703702458,0
0.0652814814814573,0.08222962962959918,0.05425555555553546,0.07293333333330632,0.1003666666666295,0.090381481481448,0.0660666666666422,0.09619259259255697,0.08617407407404215,0.2861185185184125,0
0.06850740740738204,0.08835555555552282,0.06087407407405153,0.07045555555552946,0.080688888888859,0.08544074074070909,0.06741111111108615,0.09495925925922409,0.08421111111107993,0.2990962962961855,0
0.06949629629627056,0.08263703703700644,0.06695185185182706,0.07538148148145356,0.08122592592589584,0.08883703703700413,0.07933333333330395,0.09627407407403842,0.08631111111107914,0.2735518518517505,0
0.07836296296293394,0.09074444444441084,0.06827777777775249,0.0694074074073817,0.07271481481478788,0.07704444444441591,0.07046296296293686,0.09475185185181675,0.08002592592589629,0.29820740740729695,0
0.0679703703703452,0.08414444444441328,0.059866666666644495,0.07726296296293435,0.09452592592589092,0.08923333333330029,0.06894444444441891,0.09464074074070569,0.07963333333330384,0.28377777777767266,0
0.059885185185163003,0.07477407407404638,0.056544444444423504,0.0870259259258937,0.17639999999993466,0.08513703703700551,0.056040740740719984,0.07905185185182258,0.07434444444441692,0.2507962962962034,0
0.07107777777775146,0.09107407407404035,0.06991481481478892,0.07405555555552813,0.08029259259256286,0.07967037037034086,0.064488888888865,0.0895888888888557,0.08015925925922956,0.2996777777776668,0
0.06853703703701165,0.09125185185181806,0.07693703703700853,0.08248148148145093,0.08187407407404375,0.07834814814811913,0.06561851851849422,0.08983333333330006,0.07725185185182323,0.28786666666656,0
0.07717407407404549,0.09426296296292805,0.058088888888867374,0.06315185185182846,0.07471851851849085,0.07135925925923282,0.058185185185163635,0.09725555555551954,0.08675555555552342,0.31904814814803,0
0.0703666666666406,0.085777777777746,0.06128518518516249,0.07791481481478596,0.11064814814810717,0.07951851851848907,0.060899999999977444,0.08979259259255934,0.08029629629626656,0.283499999999895,0
0.0757703703703423,0.08763333333330088,0.05206296296294368,0.06530370370367952,0.10011851851848144,0.08757407407404164,0.06309999999997663,0.09111111111107736,0.08138518518515504,0.29594074074063115,0
0.07854074074071166,0.10396666666662815,0.04997407407405557,0.04999999999998148,0.05657777777775682,0.06545555555553131,0.05457407407405386,0.1048370370369982,0.09928148148144471,0.33679259259246785,0
0.07102222222219592,0.08715185185181958,0.06407777777775404,0.07436296296293542,0.09110740740737366,0.09337407407403948,0.07359259259256534,0.08912962962959661,0.07574444444441639,0.2804370370369332,0
0.059451851851829836,0.0775074074073787,0.0887814814814486,0.10859629629625607,0.10759629629625644,0.09365925925922457,0.07157777777775126,0.08458148148145016,0.06660370370367903,0.24164444444435496,0
0.08869999999996715,0.09729629629626026,0.052659259259239755,0.055062962962942566,0.06118518518516253,0.06509259259256849,0.055474074074053525,0.10150370370366611,0.09619259259255697,0.3268333333332123,0
0.0872111111110788,0.09464074074070569,0.055837037037016354,0.062329629629606545,0.07304074074071369,0.068607407407382,0.051988888888869635,0.09731111111107507,0.09059259259255904,0.3184407407406228,0
0.07818148148145253,0.09607407407403849,0.05954074074071869,0.055377777777757264,0.05969259259257048,0.06548888888886463,0.05928518518516323,0.10248888888885092,0.09156666666663275,0.33230370370358064,0
0.08737037037033801,0.0973703703703343,0.052351851851832464,0.05350370370368389,0.061414814814792065,0.06643703703701243,0.059059259259237384,0.10159629629625867,0.0976777777777416,0.32321851851839883,0
0.07219629629626956,0.091314814814781,0.07042962962960354,0.06807777777775256,0.06743333333330835,0.0697370370370112,0.0665592592592346,0.09824074074070435,0.08916296296292994,0.3068481481480345,0
0.07455925925923164,0.09618148148144585,0.06404444444442073,0.06304444444442109,0.06883333333330784,0.06843333333330799,0.059933333333311134,0.09747777777774168,0.08775185185181936,0.3197407407406223,0
0.09298888888885445,0.10187037037033264,0.05381481481479488,0.04518518518516845,0.04530370370368692,0.0500222222222037,0.05095185185183298,0.10718518518514548,0.09801111111107481,0.3546666666665353,0
0.02642592592591614,0.03761481481480088,0.054548148148127945,0.13752962962957868,0.33298148148135814,0.15365555555549865,0.06434444444442061,0.04516296296294624,0.03608888888887552,0.1116481481481068,0
0.08121111111108104,0.09405185185181701,0.06128148148145878,0.06356296296293942,0.07014444444441846,0.07286296296293597,0.06307037037034702,0.09870370370366714,0.08755185185181942,0.30755925925914535,0
0.058444444444422795,0.07896296296293372,0.07025925925923324,0.09304814814811369,0.10838148148144133,0.10047777777774056,0.07082592592589969,0.08805925925922664,0.07112962962960329,0.26041111111101467,0
0.08723333333330102,0.10094814814811076,0.0590777777777559,0.0543148148147947,0.058229629629608065,0.05621481481479399,0.056281481481460637,0.09984074074070376,0.0910185185184848,0.336840740740616,0
0.07388148148145411,0.09198518518515111,0.05346296296294316,0.05778518518516378,0.06549259259256833,0.06599629629627185,0.05630370370368285,0.10279259259255452,0.0959407407407052,0.3363592592591347,0
0.07001851851849258,0.08901851851848555,0.05938148148145949,0.06848888888886352,0.07438148148145393,0.08134814814811801,0.06747037037034538,0.0973703703703343,0.0878370370370045,0.3046851851850723,0
0.07158888888886238,0.08795555555552298,0.05615185185183105,0.06713333333330847,0.08532222222219062,0.08144444444441427,0.06091111111108855,0.09871481481477826,0.08657037037033831,0.30420740740729474,0
0.058185185185163635,0.08408148148145034,0.0679888888888637,0.08456296296293164,0.09492222222218706,0.08513703703700551,0.06725925925923434,0.09059999999996644,0.08102222222219221,0.2862407407406347,0
0.07754444444441573,0.0878407407407082,0.05688888888886782,0.06978518518515933,0.08921851851848547,0.08625185185181991,0.061451851851829095,0.09287037037033598,0.08188518518515486,0.29626296296285326,0
0.07012962962960366,0.08987777777774449,0.06009259259257033,0.06754814814812313,0.07786296296293413,0.07275185185182491,0.05718518518516401,0.09644444444440872,0.08844444444441169,0.3196629629628446,0
0.07271851851849158,0.09013703703700365,0.05771111111108974,0.06272592592590269,0.07157407407404756,0.07617777777774956,0.06535555555553135,0.10098518518514778,0.08956666666663349,0.3130481481480322,0
0.06838148148145616,0.08666666666663457,0.0633629629629395,0.08014444444441476,0.09851481481477833,0.09172962962959566,0.06658888888886423,0.08880740740737451,0.07601851851849037,0.27978518518508155,0
0.0786148148147857,0.0862296296295977,0.05314444444442476,0.0668703703703456,0.09009999999996662,0.08631111111107914,0.06281851851849525,0.09286666666663228,0.08297407407404334,0.30007037037025924,0
0.06265555555553234,0.0843407407407095,0.07271111111108418,0.09408518518515034,0.11730370370366026,0.08478518518515378,0.05310740740738774,0.08822222222218955,0.07238518518515838,0.27040370370360356,0
0.07344074074071354,0.09509629629626108,0.06690370370367893,0.06911851851849292,0.07498148148145371,0.07505185185182406,0.06102222222219962,0.09396666666663187,0.08184814814811783,0.3085703703702561,0
0.06619629629627177,0.09023703703700361,0.08028888888885916,0.08912962962959661,0.08759999999996755,0.07018518518515919,0.058025925925904435,0.08865925925922642,0.08493333333330187,0.284744444444339,0
0.07551851851849055,0.0968703703703345,0.0644851851851613,0.06364444444442087,0.068122222222197,0.06838518518515986,0.060740740740718245,0.09892222222218558,0.08395185185182076,0.319359259259141,0
0.056440740740719836,0.07309999999997292,0.07215185185182513,0.1037259259258875,0.12004074074069628,0.10735185185181209,0.07990740740737781,0.08239259259256208,0.06541851851849428,0.23947037037028168,0
0.07794074074071188,0.09308888888885442,0.05568888888886826,0.06015555555553328,0.08042592592589613,0.07760740740737866,0.057155555555534386,0.09527037037033509,0.08588148148144967,0.3167851851850679,0
0.04691481481479744,0.07351851851849128,0.07265925925923235,0.10680370370366414,0.138944444444393,0.10678888888884934,0.06278888888886563,0.08028888888885916,0.06581851851849414,0.24547407407398317,0
0.06675185185182712,0.08725555555552324,0.07042962962960354,0.08112222222219218,0.08693703703700484,0.08394074074070965,0.06787037037034524,0.08997777777774445,0.08013703703700735,0.285577777777672,0
0.06768518518516012,0.08287407407404337,0.0803592592592295,0.0933888888888543,0.09589629629626079,0.08759999999996755,0.07132962962960321,0.0916518518518179,0.06974814814812232,0.2594666666665706,0
0.06342222222219873,0.08710370370367145,0.06899259259256704,0.07601851851849037,0.07614074074071255,0.07785925925923043,0.0665481481481235,0.09696666666663076,0.08458148148145016,0.30236666666655465,0
0.055574074074053494,0.0843555555555243,0.07429629629626879,0.0906999999999664,0.09907777777774109,0.08594814814811631,0.0639999999999763,0.09261851851848421,0.0746481481481205,0.2787814814813782,0
0.09087037037033671,0.09615555555551994,0.05218888888886956,0.04602222222220518,0.05276296296294342,0.05707037037034923,0.05619259259257178,0.10394814814810965,0.0965592592592235,0.34822962962950066,0
0.05627407407405323,0.07722592592589732,0.07260740740738052,0.097511111111075,0.11457037037032794,0.10061481481477755,0.07181851851849191,0.08616666666663475,0.06960370370367792,0.25360740740731347,0
0.07731111111108248,0.09542592592589058,0.05682962962960858,0.05764074074071939,0.06679629629627155,0.07184444444441783,0.06264074074071754,0.09982222222218524,0.08849259259255982,0.3231962962961766,0
0.07419629629626881,0.09460370370366866,0.06693703703701225,0.06614444444441994,0.07075925925923306,0.07038148148145541,0.060785185185162675,0.09621481481477918,0.08538888888885726,0.3145888888887724,0
0.05552962962960906,0.07452592592589832,0.06342962962960613,0.10004074074070368,0.12904074074069294,0.10644814814810873,0.0641666666666429,0.08133703703700691,0.0702148148147888,0.2552666666665721,0
0.07784814814811931,0.09316296296292846,0.05857777777775608,0.06201481481479185,0.07328148148145434,0.07119629629626993,0.06332222222219877,0.09964074074070384,0.08961111111107792,0.3113444444443291,0
0.0784481481481191,0.09263333333329903,0.06498518518516111,0.06854444444441905,0.08714444444441218,0.07180370370367711,0.041544444444429056,0.09901481481477814,0.08543703703700539,0.31044444444432945,0
0.05711851851849736,0.08430370370367248,0.0662370370370125,0.07421111111108362,0.07362962962960236,0.07735555555552691,0.0657370370370127,0.10167777777774012,0.08867407407404124,0.31105555555544034,0
0.08219259259256215,0.09271851851848417,0.06057777777775534,0.06764444444441939,0.08060740740737755,0.06901851851849296,0.05938888888886689,0.0933814814814469,0.08352962962959869,0.31094074074062555,0
0.0784629629629339,0.08998148148144816,0.05678148148146045,0.06238888888886578,0.07438888888886133,0.0759148148147867,0.060788888888866376,0.09701481481477889,0.08876296296293008,0.31551481481469795,0
0.0847999999999686,0.09565185185181642,0.058185185185163635,0.059214814814792884,0.0709777777777515,0.07045925925923316,0.062174074074051046,0.09699629629626037,0.08534444444441283,0.3161962962961792,0
0.07450370370367611,0.08892222222218929,0.061303703703680996,0.07170740740738085,0.08297037037033964,0.08516666666663512,0.06937037037034467,0.09605555555551998,0.08113703703700699,0.28886296296285596,0
0.09285555555552116,0.09743333333329725,0.04853333333331536,0.05039629629627763,0.05938148148145949,0.06251851851849537,0.05366666666664679,0.1022851851851473,0.0968851851851493,0.33604444444431997,0
0.058092592592571074,0.07779259259256378,0.08984814814811487,0.11017777777773698,0.10673333333329381,0.09376296296292824,0.07538148148145356,0.08596666666663483,0.06754814814812313,0.23469629629620936,0
0.07888518518515597,0.0946592592592242,0.05445925925923909,0.059040740740718876,0.06524814814812398,0.06837037037034505,0.06300740740738407,0.1041999999999614,0.09264074074070643,0.3194888888887706,0
0.08335925925922838,0.0959444444444089,0.0509851851851663,0.054862962962942644,0.06603703703701258,0.06835925925923395,0.05672962962960862,0.09914074074070402,0.09067407407404049,0.33390740740728375,0
0.041959259259243716,0.06847777777775242,0.07568518518515716,0.11948888888884464,0.14311111111105812,0.12025185185180731,0.07501481481478703,0.07542222222219429,0.058348148148126534,0.22224074074065842,0
0.06500740740738332,0.08146296296293279,0.0605148148147924,0.08567407407404234,0.10698888888884926,0.09874814814811157,0.06895555555553001,0.08866666666663382,0.07414444444441698,0.2698370370369371,0
0.07157037037034386,0.08736666666663431,0.059518518518496474,0.07174074074071417,0.09112592592589218,0.08686296296293079,0.06887407407404857,0.0927518518518175,0.07765555555552679,0.292533333333225,0
0.08014814814811846,0.08596666666663483,0.051329629629610615,0.06659999999997533,0.0903851851851517,0.09215555555552142,0.07158148148145498,0.0916518518518179,0.07646666666663834,0.293714814814706,0
0.0765518518518235,0.08925185185181879,0.059570370370348305,0.0668555555555308,0.07295925925923223,0.07720740740737882,0.06526296296293879,0.09647037037033464,0.08544444444441279,0.310425925925811,0
0.10099629629625889,0.1025888888888509,0.04332222222220618,0.03712592592591218,0.04377777777776156,0.04771851851850085,0.0465370370370198,0.10665185185181235,0.12006296296291849,0.3512185185183884,0
0.053122222222202545,0.07863703703700792,0.07207037037034368,0.10273333333329529,0.12067407407402939,0.09994074074070372,0.06818148148145622,0.08296296296293224,0.06853703703701165,0.25314074074064696,0
0.0746518518518242,0.0914740740740402,0.05211481481479551,0.05985185185182969,0.09701851851848259,0.06593333333330892,0.05151481481479574,0.09681481481477895,0.0908444444444108,0.31978148148136304,0
0.05951111111108907,0.08238888888885837,0.08239999999996948,0.094325925925891,0.1029259259258878,0.0916296296295957,0.06661481481479015,0.08848888888885612,0.07294074074071373,0.25877407407397823,0
0.05815925925923772,0.08011851851848885,0.06710370370367885,0.09103333333329962,0.11873703703699306,0.10209259259255478,0.07534814814812024,0.0867259259258938,0.06833333333330803,0.2523481481480547,0
0.07584074074071265,0.09457777777774275,0.06712962962960477,0.06816296296293772,0.06615925925923476,0.06710370370367885,0.05974814814812602,0.09872222222218566,0.08315185185182106,0.3194037037035854,0
0.061803703703680817,0.07885925925923006,0.07119629629626993,0.09468148148144641,0.11480370370366118,0.09771481481477863,0.07445925925923168,0.08587037037033857,0.06728518518516026,0.2533259259258321,0
0.04378518518516897,0.06907407407404849,0.064488888888865,0.09071111111107752,0.11032592592588507,0.10046296296292576,0.06957037037034461,0.09378888888885416,0.08234814814811765,0.2754444444443424,0
0.08750370370367129,0.09742222222218613,0.055629629629609025,0.05382592592590599,0.05515555555553513,0.05948518518516315,0.05842592592590429,0.10184814814811043,0.09539629629626097,0.3353074074072832,0
0.0841666666666355,0.09503333333329814,0.06580740740738303,0.06259999999997681,0.06585925925923487,0.06612222222219773,0.06539629629627207,0.09935555555551875,0.08445185185182057,0.31120740740729214,0
0.07202592592589925,0.08377407407404304,0.05529999999997952,0.06394074074071705,0.07318518518515808,0.07385925925923191,0.06332592592590247,0.10183703703699933,0.09664814814811236,0.31610370370358665,0
0.08471851851848713,0.09966296296292605,0.05267037037035086,0.05103333333331443,0.057629629629608284,0.061111111111088474,0.05671851851849751,0.10240740740736948,0.09731851851848247,0.3367296296295049,0
0.06675555555553084,0.0919555555555215,0.06398148148145778,0.0656037037036794,0.06603333333330888,0.06845185185182649,0.060581481481459046,0.10202592592588813,0.0927444444444101,0.32186666666654745,0
0.07539629629626837,0.0987962962962597,0.076085185185157,0.07365555555552827,0.07159259259256608,0.06785185185182672,0.06377777777775416,0.09396296296292816,0.0798888888888593,0.29899259259248184,0
0.06730740740738247,0.08723333333330102,0.06521481481479066,0.08038888888885912,0.09421481481477992,0.0916370370370031,0.0647962962962723,0.09119259259255881,0.07322962962960251,0.2847851851850797,0
0.06472592592590196,0.08691851851848632,0.06371851851849492,0.07640740740737911,0.08650370370367166,0.08227777777774731,0.06513703703701292,0.09532592592589062,0.08632222222219026,0.29266296296285454,0
0.07937777777774838,0.09559629629626089,0.06652962962960499,0.06486666666664265,0.06315555555553216,0.0665370370370124,0.05816296296294142,0.10504074074070184,0.08568148148144974,0.3150518518517352,0
0.09712592592588995,0.10075925925922194,0.049414814814796516,0.0417740740740586,0.04305555555553961,0.05237407407405468,0.05877777777775601,0.10756666666662683,0.09669629629626049,0.352455555555425,0
0.07211851851849181,0.09215185185181772,0.06864814814812273,0.07704814814811961,0.08567777777774604,0.07404074074071332,0.05969259259257048,0.09217777777774364,0.07852962962960054,0.2999148148147037,0
0.05917407407405216,0.08407037037033924,0.07271481481478788,0.08749999999996759,0.10328518518514693,0.09168518518515123,0.07175555555552898,0.09008148148144812,0.07202592592589925,0.26770740740730825,0
0.05821851851849696,0.0743222222221947,0.05665185185183087,0.09425925925922435,0.14838148148142652,0.11660740740736422,0.0670296296296048,0.07904074074071146,0.06522222222219806,0.24026666666657767,0
0.031548148148136466,0.05441851851849836,0.05750740740738611,0.12968518518513716,0.1959888888888163,0.15478518518512785,0.07963333333330384,0.07012962962960366,0.05073333333331454,0.17557037037030535,0
0.05979999999997785,0.09012222222218884,0.08044074074071095,0.08924074074070769,0.0911592592592255,0.08191851851848818,0.06874814814812269,0.09077777777774415,0.07505185185182406,0.2727407407406397,0
0.06047407407405168,0.07983333333330377,0.07137407407404764,0.09691851851848263,0.1173555555555121,0.10376666666662823,0.07271851851849158,0.08288148148145079,0.06309629629627293,0.2515814814813883,0
0.07549999999997203,0.09709259259255663,0.06524074074071658,0.06875555555553009,0.07789629629626744,0.06974074074071492,0.04674444444442713,0.0990999999999633,0.08581851851848674,0.31411111111099477,0
0.059614814814792735,0.07735185185182321,0.06195185185182891,0.08382592592589488,0.11770740740736381,0.10131481481477729,0.06525925925923509,0.08897037037033742,0.07746666666663797,0.2665370370369383,0
0.06995925925923335,0.08492222222219077,0.08167777777774753,0.0838555555555245,0.08716296296293068,0.08334444444441358,0.07026296296293694,0.09211111111107699,0.07463333333330568,0.2720703703702696,0
0.07890740740737819,0.09464444444440939,0.053788888888868965,0.057407407407386146,0.06268148148145826,0.06402592592590221,0.055629629629609025,0.10245185185181391,0.09732222222218617,0.33314074074061734,0
0.07468888888886123,0.08901481481478185,0.057170370370349194,0.06505555555553146,0.08011851851848885,0.07874074074071158,0.06124444444442176,0.09711111111107515,0.08755925925922683,0.3092962962961817,0
0.06293333333331003,0.08696666666663445,0.07149999999997352,0.08328888888885803,0.09694814814811224,0.09584074074070524,0.07564074074071273,0.0872074074073751,0.07206296296293627,0.267611111111012,0
0.06159999999997719,0.07863703703700792,0.05361851851849866,0.07595185185182372,0.13255185185180277,0.08848518518515242,0.06365185185182827,0.09049259259255908,0.07361111111108384,0.2813999999998958,0
0.07333333333330617,0.08821481481478215,0.05344814814812835,0.06579259259256823,0.08799259259256001,0.08114074074071069,0.058948148148126316,0.09852962962959314,0.09108148148144775,0.30151851851840683,0
0.08507407407404256,0.0940222222221874,0.05297037037035075,0.054751851851831575,0.060533333333310915,0.06727037037034546,0.060025925925903695,0.10300740740736926,0.09127407407404027,0.3310703703702477,0
0.07811481481478588,0.0911592592592255,0.053925925925905956,0.06617037037034586,0.0835481481481172,0.07126296296293656,0.06347037037034686,0.0994222222221854,0.08099999999997,0.3119259259258104,0
0.059425925925903914,0.08189259259256226,0.06585555555553116,0.0787666666666375,0.08879629629626341,0.08527037037033879,0.0678185185184934,0.0952999999999647,0.08261111111108052,0.294262962962854,0
0.0771999999999714,0.09607407407403849,0.057359259259238016,0.058533333333311656,0.06856296296293757,0.062422222222199106,0.0531999999999803,0.09926666666662991,0.09403703703700221,0.333344444444321,0
0.06121111111108844,0.08055925925922942,0.06245925925923613,0.08471111111107973,0.11108148148144034,0.097511111111075,0.06713703703701217,0.08934814814811505,0.07501481481478703,0.2709666666665663,0
0.07709259259256404,0.08864814814811532,0.0605111111110887,0.06788888888886374,0.0773333333333047,0.07997777777774816,0.07012962962960366,0.09697407407403816,0.08033703703700729,0.3011074074072959,0
0.08429999999996877,0.09533703703700172,0.05610740740738663,0.06335185185182839,0.07329259259256544,0.07285925925923227,0.059677777777755674,0.09660370370366793,0.08936666666663357,0.3091037037035892,0
0.08183703703700673,0.09752962962959351,0.06535185185182765,0.0633666666666432,0.060188888888866594,0.0628925925925693,0.06118888888886623,0.1008555555555182,0.08896666666663372,0.3178222222221045,0
0.08969999999996678,0.09706666666663072,0.05375555555553565,0.05512592592590551,0.06652962962960499,0.06298518518516186,0.056181481481460675,0.09867407407403753,0.09170370370366974,0.3282777777776562,0
0.06800740740738222,0.08802222222218962,0.05674814814812713,0.059407407407385406,0.061107407407384774,0.06704814814812332,0.061048148148125536,0.10965555555551494,0.1027777777777397,0.326177777777657,0
0.07867037037034123,0.09777407407403786,0.06220740740738437,0.06468148148145753,0.06875925925923379,0.06880370370367822,0.06100740740738481,0.097511111111075,0.08277777777774711,0.3178074074072897,0
0.08056296296293312,0.09058518518515163,0.058340740740719134,0.06509999999997589,0.08017037037034068,0.07339999999997282,0.05518518518516475,0.09610370370366811,0.08406296296293182,0.3164888888887717,0
0.07479259259256489,0.09071851851848492,0.05407777777775775,0.06528518518516101,0.08392962962959855,0.07912592592589662,0.05625185185183102,0.098792592592556,0.0889518518518189,0.30807407407396,0
0.06520370370367956,0.09217037037033624,0.08215925925922883,0.0838518518518208,0.08184444444441413,0.0729037037036767,0.059314814814792845,0.093703703703669,0.07627777777774952,0.292570370370262,0
0.03702222222220851,0.0649592592592352,0.07917407407404475,0.119907407407363,0.14458888888883534,0.13137777777772913,0.07887777777774857,0.0741518518518244,0.05949629629627426,0.2104444444443665,0
0.08171481481478456,0.09515925925922401,0.06155925925923646,0.06457407407405016,0.07387777777775041,0.06752962962960461,0.05101481481479592,0.0943222222221873,0.08848888888885612,0.32175925925914006,0
0.0657370370370127,0.0884740740740413,0.06841851851849318,0.08028148148145174,0.10025185185181472,0.08746296296293057,0.07048518518515907,0.08804074074070813,0.07458888888886127,0.27625925925915695,0
0.06414074074071699,0.08299629629626555,0.0656074074073831,0.08552962962959795,0.10565555555551642,0.0857740740740423,0.06550370370367944,0.0865518518518198,0.0770333333333048,0.28120740740730327,0
0.0754555555555276,0.09124074074070694,0.06519999999997585,0.07399629629626889,0.08698148148144927,0.08315925925922846,0.06862592592590051,0.09139629629626245,0.0756037037036757,0.2883407407406339,0
0.08647037037033835,0.0992629629629262,0.055370370370349864,0.04914444444442624,0.0511481481481292,0.05865925925923753,0.05914074074071884,0.10269259259255456,0.09484074074070561,0.3432703703702432,0
0.07419259259256511,0.09455185185181683,0.06775925925923416,0.07041851851849244,0.07246296296293613,0.06682962962960488,0.050862962962944125,0.09556666666663127,0.08906296296292998,0.3182925925924747,0
0.0735370370370098,0.09556296296292757,0.06299259259256926,0.064314814814791,0.06855555555553017,0.06868148148145604,0.061759259259236386,0.0994185185184817,0.08533703703700543,0.3198407407406223,0
0.06716666666664178,0.09255555555552128,0.07914074074071142,0.08379999999996897,0.08472962962959825,0.08064814814811828,0.06457407407405016,0.08993703703700373,0.07374444444441713,0.28370370370359865,0
0.07252962962960277,0.08732222222218988,0.05369629629627641,0.0663814814814569,0.09261111111107681,0.08517407407404252,0.06594814814812372,0.09457777777774275,0.0838666666666356,0.29789259259248224,0
0.1032296296295914,0.10302962962959147,0.04767777777776012,0.03813703703702291,0.04046666666665168,0.04720740740738992,0.04720370370368622,0.1062629629629236,0.09962962962959274,0.36715555555541957,0
0.04631851851850136,0.06856666666664127,0.06843703703701169,0.10702592592588629,0.14354074074068757,0.12202222222217703,0.07677037037034194,0.07990370370367411,0.06244814814812502,0.22496666666658335,0
0.05919259259257067,0.0810074074073774,0.09117037037033661,0.10533333333329432,0.10164074074070309,0.09234444444441024,0.07343703703700984,0.08660370370367163,0.06986666666664079,0.23940370370361502,0
0.06295185185182854,0.08235555555552505,0.06339999999997652,0.07961481481478533,0.09394444444440965,0.0925851851851509,0.07005925925923331,0.0951444444444092,0.08014814814811846,0.2797962962961927,0
0.06558518518516089,0.08461851851848717,0.06588518518516079,0.08078518518515526,0.10250370370366574,0.09691851851848263,0.06961851851849274,0.08616666666663475,0.06964814814812235,0.2782703703702673,0
0.06328888888886545,0.08244814814811761,0.06322222222219881,0.0838481481481171,0.11178888888884748,0.0978370370370008,0.06184444444442154,0.0876555555555231,0.07500740740737963,0.27305925925915814,0
0.07031111111108507,0.08508518518515368,0.0656074074073831,0.08172222222219196,0.10630370370366433,0.09192962962959558,0.0647962962962723,0.08554444444441277,0.07188888888886226,0.2768111111110086,0
0.08439999999996874,0.08948888888885574,0.05528518518516471,0.0595592592592372,0.07094444444441816,0.07805925925923035,0.0659111111110867,0.09773333333329713,0.08595555555552371,0.3126629629628472,0
0.0690851851851596,0.08381851851848747,0.0589185185184967,0.07676296296293453,0.10279629629625822,0.09295185185181742,0.06763333333330829,0.09009999999996662,0.07577777777774972,0.2821555555554511,0
0.07486666666663894,0.09266666666663234,0.07472962962960195,0.07257037037034349,0.07253703703701017,0.07193333333330669,0.06380370370368008,0.09627777777774212,0.08087777777774782,0.299737037036926,0
0.08984814814811487,0.09570740740737196,0.04555925925924238,0.04456666666665016,0.05215555555553624,0.0627333333333101,0.05960740740738533,0.1065666666666272,0.10132222222218469,0.3419333333332067,0
0.06784814814812302,0.08715185185181958,0.06411851851849477,0.07444444444441688,0.0905296296295961,0.09265925925922494,0.07202592592589925,0.09128518518515137,0.0781407407407118,0.2817962962961919,0
0.07852222222219314,0.09075925925922565,0.058025925925904435,0.06848148148145612,0.09094074074070706,0.0720962962962696,0.05614444444442365,0.09229629629626211,0.08621111111107918,0.3065222222221087,0
0.09615555555551994,0.10213703703699921,0.047229629629612135,0.042670370370354566,0.04671111111109381,0.048966666666648534,0.048359259259241345,0.1035555555555172,0.10764444444440457,0.3565703703702383,0
0.07508888888886107,0.09197777777774371,0.05524074074072028,0.06377407407405046,0.07882222222219303,0.08227407407404361,0.0651222222221981,0.0957518518518164,0.08699629629626407,0.3049518518517389,0
0.057496296296275,0.08222962962959918,0.08045555555552576,0.10118518518514771,0.10549629629625722,0.08582592592589414,0.06573333333330898,0.08569259259256086,0.07205185185182517,0.2638333333332356,0
0.05552962962960906,0.08419629629626511,0.08102222222219221,0.09413703703700217,0.09882962962959303,0.08975555555552231,0.07374814814812083,0.08659999999996792,0.07154444444441795,0.264637037036939,0
0.07151481481478833,0.09375555555552083,0.06599999999997555,0.07170740740738085,0.07920370370367437,0.07490370370367597,0.06219999999997696,0.09368518518515048,0.08223703703700658,0.3047925925924797,0
0.0705259259258998,0.08693703703700484,0.05697777777775667,0.07346666666663945,0.14139999999994762,0.06931481481478914,0.05598518518516445,0.08554074074070905,0.07756296296293423,0.28228888888878434,0
0.07596666666663852,0.09278888888885452,0.06141851851849577,0.06249629629627315,0.06751851851849351,0.068918518518493,0.06498148148145741,0.10042222222218503,0.08811111111107847,0.31737777777766024,0
0.09635185185181616,0.09439999999996504,0.06420740740738362,0.05534074074072024,0.05498148148146112,0.06128148148145878,0.06436666666664283,0.09808148148144516,0.08819259259255993,0.32279629629617673,0
0.07247037037034353,0.09097037037033667,0.04560740740739051,0.05375185185183194,0.07459259259256497,0.07494074074071298,0.05994444444442224,0.10316666666662845,0.09462962962959458,0.3299259259258037,0
0.061714814814791956,0.08087777777774782,0.04173333333331788,0.05138888888886985,0.07332962962960247,0.07315555555552847,0.05969999999997789,0.11406296296292072,0.11318888888884697,0.3308481481480256,0
0.06898518518515963,0.08753703703700462,0.06549629629627204,0.07598888888886074,0.08597407407404223,0.08669999999996789,0.07075185185182564,0.09431851851848358,0.07871481481478566,0.28553333333322756,0
0.05182222222220303,0.07050370370367759,0.05886666666664486,0.09969259259255567,0.15172592592586973,0.11188518518514375,0.06729259259256767,0.07971111111108159,0.06407037037034664,0.2444296296295391,0
0.07211481481478811,0.09004814814811479,0.05709999999997885,0.06731111111108617,0.0752777777777499,0.07954814814811868,0.06914814814812253,0.10111851851848107,0.08642222222219022,0.3019111111109993,0
0.08858888888885608,0.10155555555551794,0.05504074074072036,0.04925185185183361,0.04848518518516723,0.053066666666647014,0.05534444444442395,0.10537777777773875,0.10143703703699947,0.34185185185172523,0
0.06615555555553106,0.09091481481478114,0.08160370370367348,0.08721851851848622,0.08395185185182076,0.07785925925923043,0.06783703703701191,0.09117777777774401,0.07615555555552735,0.2771259259258233,0
0.05242962962961021,0.07992592592589633,0.07923333333330398,0.10065555555551828,0.11264814814810642,0.10145185185181428,0.075599999999972,0.08248518518515463,0.06731481481478989,0.2482555555554636,0
0.06030370370368137,0.07645925925923094,0.08599629629626444,0.10998518518514445,0.11015185185181106,0.09448888888885389,0.07254074074071387,0.08536666666663505,0.06471481481479084,0.23999259259250372,0
0.06442962962960577,0.08045925925922946,0.06752962962960461,0.08028148148145174,0.09779629629626008,0.0911555555555218,0.06971111111108529,0.09153703703700314,0.0768666666666382,0.28023333333322953,0
0.07301851851849148,0.09040740740737392,0.06988888888886301,0.07388518518515783,0.0781370370370081,0.07274814814812121,0.06187777777775486,0.09691851851848263,0.08157777777774756,0.30154074074062903,0
0.05217777777775845,0.07056296296293683,0.05647777777775686,0.1051407407407018,0.15989999999994078,0.13114814814809958,0.0738481481481208,0.07307777777775071,0.05647777777775686,0.22118888888880697,0
0.06875555555553009,0.08652962962959758,0.059470370370348344,0.06895555555553001,0.08587037037033857,0.08048148148145168,0.06572222222219788,0.09666666666663086,0.08574814814811639,0.3017999999998882,0
0.09176296296292898,0.09774444444440825,0.05483333333331303,0.05398148148146149,0.057611111111089776,0.0625666666666435,0.05975555555553343,0.10298888888885074,0.09102592592589222,0.32772962962950825,0
0.06932962962960396,0.08509629629626478,0.055355555555535056,0.07695555555552705,0.1105555555555146,0.08821481481478215,0.05800740740738592,0.08871851851848565,0.07954444444441498,0.28822222222211547,0
0.05548148148146093,0.08164444444441421,0.06565555555553124,0.09787407407403782,0.12355555555550979,0.11250740740736574,0.0781444444444155,0.08176666666663639,0.060788888888866376,0.24258148148139164,0
0.08027777777774804,0.09904444444440776,0.05851481481479314,0.06461851851849458,0.07478518518515749,0.07068888888886271,0.053007407407387776,0.09922222222218548,0.08378148148145045,0.3160592592591422,0
0.053377777777758005,0.0856148148147831,0.05520740740738696,0.0692333333333077,0.0967222222221864,0.08967407407404086,0.07358148148145423,0.09693703703700113,0.09577777777774231,0.2838740740739689,0
0.08127777777774768,0.09253333333329906,0.051740740740721575,0.05534074074072024,0.07371851851849122,0.07213333333330661,0.06126296296294027,0.09977777777774083,0.08986666666663339,0.32234814814802876,0
0.05369629629627641,0.07788148148145263,0.08265555555552494,0.10325185185181361,0.11584814814810523,0.10012592592588884,0.07134444444441802,0.08534814814811653,0.06564444444442014,0.24420370370361325,0
0.06537407407404987,0.08733703703700468,0.07100740740738111,0.07907037037034108,0.12351111111106537,0.06928888888886323,0.06148888888886612,0.08508518518515368,0.08812222222218959,0.26971481481471493,0
0.057877777777756344,0.08401481481478369,0.07192222222219559,0.08597777777774593,0.09931111111107432,0.08679999999996785,0.0689259259259004,0.09074074074070713,0.08077777777774786,0.2736518518517505,0
0.07569999999997196,0.0933851851851506,0.05862222222220051,0.05785555555553413,0.06102222222219962,0.06792592592590077,0.061966666666643716,0.10469999999996123,0.09270740740737307,0.326114814814694,0
0.06350370370368018,0.07325185185182471,0.06398518518516148,0.09765185185181569,0.14241481481476206,0.10349629629625796,0.06716296296293808,0.08220740740737696,0.0662259259259014,0.24009999999991108,0
0.07119259259256623,0.08596296296293113,0.06644444444441984,0.08172592592589566,0.10947037037032982,0.09469629629626122,0.06444814814812427,0.08368518518515419,0.07235185185182505,0.2700222222221222,0
0.06266666666664346,0.0778111111110823,0.06848148148145612,0.09298518518515074,0.11341111111106911,0.10046296296292576,0.07557037037034238,0.08423333333330213,0.06876666666664119,0.2556111111110164,0
0.06106666666664405,0.07911481481478551,0.058092592592571074,0.08413703703700587,0.11388888888884671,0.10589629629625708,0.06824074074071547,0.08732222222218988,0.07491481481478707,0.26732592592582693,0
0.04417777777776141,0.07371851851849122,0.06325185185182843,0.09099259259255889,0.1052814814814425,0.10104444444440702,0.06882962962960414,0.09128888888885507,0.08031481481478507,0.2810999999998959,0
0.06277407407405082,0.08495185185182039,0.06275555555553232,0.08214814814811772,0.11739999999995651,0.09923703703700028,0.06471111111108714,0.08603333333330147,0.07129629629626989,0.26869259259249306,0
0.08279259259256193,0.09757037037033424,0.04993333333331484,0.053470370370350566,0.06350740740738389,0.06601481481479037,0.05798888888886741,0.09970370370366678,0.09287037037033598,0.33614814814802363,0
0.08382962962959858,0.09775555555551935,0.05566296296294235,0.05619629629627548,0.06903333333330776,0.06709999999997515,0.059522222222200175,0.09971111111107418,0.08507037037033886,0.32611851851839774,0
0.09645925925922354,0.09921111111107436,0.05573333333331269,0.047785185185167486,0.04868148148146345,0.056022222222201476,0.05865555555553383,0.1032259259258877,0.09248148148144723,0.3417444444443179,0
0.05239259259257319,0.08327777777774693,0.06957777777775201,0.08626666666663471,0.09014814814811475,0.08252962962959906,0.06290370370368041,0.0954481481481128,0.08293333333330262,0.29452222222211316,0
0.06951851851849276,0.08237407407404357,0.06052962962960721,0.07826296296293397,0.09934444444440765,0.09267777777774346,0.0679814814814563,0.0908370370370034,0.08072222222219233,0.277751851851749,0
0.06219259259256956,0.086399999999968,0.07372962962960232,0.088303703703671,0.09955925925922239,0.08602222222219036,0.06738148148145652,0.08673703703700492,0.07604444444441628,0.2736296296295283,0
0.0632037037036803,0.07808888888885997,0.05523333333331288,0.08277037037033971,0.11518518518514252,0.10135185185181432,0.06714814814812328,0.08803333333330073,0.07762592592589718,0.27135925925915877,0
0.07778148148145267,0.0916481481481142,0.05856296296294127,0.0668629629629382,0.1062629629629236,0.0636888888888653,0.05405925925923924,0.09225925925922508,0.08388888888885782,0.3049851851850722,0
0.05415185185183179,0.08453703703700573,0.08035555555552579,0.09737777777774172,0.10421851851847992,0.09384444444440969,0.06819999999997474,0.08506666666663516,0.07171851851849195,0.26052962962953313,0
0.06897777777775223,0.0875222222221898,0.061511111111088326,0.0817925925925623,0.10812962962958958,0.0894185185184854,0.06616296296293846,0.08945925925922613,0.07202592592589925,0.27499999999989816,0
