@relation cancer
@attribute 0 NUMERIC
@attribute 1 NUMERIC
@attribute 2 NUMERIC
@attribute 3 NUMERIC
@attribute 4 NUMERIC
@attribute 5 NUMERIC
@attribute 6 NUMERIC
@attribute 7 NUMERIC
@attribute 8 NUMERIC
@attribute 9 NUMERIC
@attribute 10 NUMERIC
@attribute 11 NUMERIC
@attribute classes {0,1,}
@data
0.06214444444442143,0.0705148148147887,0.053881481481461525,0.05433333333331321,0.06283333333331007,0.06691111111108633,0.058188888888867335,0.047381481481463934,0.0447962962962797,0.06808888888886368,0.06355925925923572,0.34736666666653804,0
0.08669259259256049,0.07970370370367419,0.03829999999998582,0.034333333333320615,0.0439888888888726,0.05687037037034931,0.051829629629610435,0.03856296296294868,0.039244444444429906,0.07448518518515759,0.08199999999996962,0.37398888888875037,0
0.06425555555553175,0.0678074074073823,0.04442222222220577,0.04965555555553716,0.06330740740738396,0.07118888888886252,0.058740740740718986,0.04366666666665049,0.0408185185185034,0.06660370370367903,0.06338888888886542,0.3661444444443088,0
0.08362222222219125,0.07362962962960236,0.0358925925925793,0.03205555555554368,0.03598148148146815,0.04484814814813154,0.05016666666664809,0.04880370370368563,0.0511444444444255,0.07438888888886133,0.08029629629626656,0.3891703703702262,0
0.06534814814812394,0.06830740740738211,0.04690370370368633,0.048699999999981966,0.05550370370368315,0.05964444444442235,0.055374074074053564,0.04709999999998256,0.04731111111109359,0.07191111111108447,0.06751851851849351,0.3663777777776421,0
0.06585925925923487,0.07395555555552817,0.05094444444442558,0.048922222222204104,0.05442222222220207,0.05679629629627526,0.05249259259257315,0.04531111111109433,0.046144444444427356,0.06808148148145626,0.06624814814812362,0.3708222222220849,0
0.08192222222219188,0.07770370370367492,0.0479703703703526,0.04448518518516871,0.04597407407405705,0.05036296296294431,0.04762962962961199,0.03800370370368963,0.04148518518516982,0.07414074074071328,0.07807777777774887,0.3722444444443066,0
0.07564074074071273,0.07918148148145215,0.053948148148128164,0.046399999999982816,0.04627777777776064,0.058755555555533794,0.044574074074057564,0.03195925925924742,0.02728888888887878,0.07622962962960139,0.07475925925923158,0.3849851851850426,0
0.04724444444442694,0.058803703703681924,0.05357037037035053,0.06757407407404904,0.08459999999996867,0.08897407407404112,0.07705925925923073,0.05519999999997956,0.045640740740723836,0.058966666666644824,0.05631111111109025,0.3060555555554422,0
0.08555555555552387,0.0809925925925626,0.03608518518517182,0.030170370370359197,0.03235925925924727,0.03855185185183757,0.03797777777776371,0.035659259259246054,0.04019629629628141,0.0787703703703412,0.08031851851848877,0.4233629629628062,0
0.08170740740737714,0.07959629629626681,0.03512592592591292,0.02984444444443339,0.034933333333320396,0.0479666666666489,0.044299999999983596,0.0366962962962827,0.043588888888872745,0.07677777777774934,0.07892222222219299,0.41054074074058866,0
0.06280740740738415,0.06669259259256789,0.06261111111108793,0.06851851851849314,0.06832222222219692,0.060599999999977554,0.05380370370368378,0.046407407407390217,0.047940740740722985,0.06619629629627177,0.06640740740738281,0.32969259259247047,0
0.048248148148130277,0.05538888888886837,0.057611111111089776,0.06872222222219677,0.091799999999966,0.10725925925921953,0.0852777777777462,0.06113333333331069,0.05328888888886915,0.05703333333331221,0.050296296296277666,0.263940740740643,0
0.07647037037034204,0.06903333333330776,0.03680740740739377,0.03339999999998763,0.048151851851834016,0.08455185185182054,0.04567407407405716,0.034951851851838904,0.03997407407405927,0.07182592592589933,0.07356296296293571,0.3855962962961535,0
0.04668148148146419,0.054499999999979815,0.04498148148146482,0.06121481481479214,0.09571851851848306,0.12264444444439902,0.08930740740737433,0.05228518518516582,0.04192222222220669,0.0549518518518315,0.050699999999981225,0.285092592592487,0
0.08459629629626496,0.07891111111108189,0.03808148148146738,0.03052592592591462,0.037966666666652604,0.04744814814813057,0.04440370370368726,0.03284814814813598,0.03904444444442998,0.0760740740740459,0.07975925925922972,0.41034074074058874,0
0.06802962962960443,0.0702037037036777,0.03936666666665209,0.040499999999985,0.058081481481459966,0.07740370370367504,0.06474444444442047,0.04756296296294535,0.04254074074072498,0.0695555555555298,0.07097037037034408,0.3510407407406107,0
0.06608518518516071,0.0749666666666389,0.04424074074072436,0.044311111111094696,0.051218518518499546,0.05944074074071873,0.05893703703701521,0.04857037037035238,0.04601851851850147,0.06915185185182623,0.06985925925923339,0.367199999999864,0
0.06876666666664119,0.06641481481479021,0.05535185185183135,0.0536851851851653,0.058755555555533794,0.06170370370368085,0.061355555555532834,0.05555925925923868,0.05766296296294161,0.0671814814814566,0.07189629629626967,0.32166666666654753,0
0.07391111111108374,0.07139999999997355,0.048003703703685924,0.04690740740739004,0.04767777777776012,0.051718518518499366,0.05165925925924013,0.04577407407405712,0.05109999999998108,0.07014444444441846,0.06875185185182639,0.3729518518517137,0
0.06736666666664172,0.071481481481455,0.041651851851836424,0.04611481481479773,0.06060370370368126,0.06978518518515933,0.06353703703701351,0.04802962962961184,0.046407407407390217,0.06853703703701165,0.06547407407404983,0.3510111111109811,0
0.05642962962960873,0.061255555555532866,0.03841851851850429,0.04138518518516986,0.07408148148145405,0.14955925925920385,0.06345185185182835,0.037492592592578707,0.03512222222220921,0.058277777777756196,0.06301111111108777,0.32151481481469574,0
0.06626666666664212,0.07329999999997285,0.0516148148147957,0.04752222222220462,0.05150740740738833,0.057103703703682555,0.05422592592590584,0.04309999999998404,0.042918518518502626,0.06696666666664186,0.06701111111108629,0.3784629629628228,0
0.064314814814791,0.07172962962960307,0.05545555555553502,0.05518888888886845,0.05897407407405223,0.05803703703701554,0.054196296296276224,0.046103703703686626,0.04578148148146453,0.06663333333330865,0.0654444444444202,0.3581407407406081,0
0.07347037037034315,0.0770333333333048,0.04232592592591025,0.037859259259245236,0.04405925925924294,0.053781481481461564,0.04597777777776075,0.03679629629628267,0.03937407407405949,0.07158148148145498,0.07332222222219506,0.40441851851836874,0
0.06761481481478977,0.07028518518515915,0.04316666666665068,0.04299629629628037,0.059918518518496326,0.08896666666663372,0.05476296296294268,0.04105925925924405,0.04125185185183657,0.06532222222219802,0.06929999999997433,0.3553555555554239,0
0.07414444444441698,0.07119259259256623,0.03733333333331951,0.03578148148146823,0.053925925925905956,0.07461851851849088,0.06354444444442091,0.044825925925909324,0.04248148148146575,0.06721481481478991,0.06748148148145648,0.3674555555554195,0
0.07584444444441635,0.08925185185181879,0.043840740740724506,0.03246296296295094,0.03474814814813528,0.042059259259243684,0.037962962962948904,0.03406666666665405,0.04071111111109603,0.07945555555552612,0.08175185185182157,0.4078444444442934,0
0.06737037037034542,0.07144074074071428,0.047799999999982294,0.044877777777761155,0.054599999999979776,0.06783333333330821,0.06651111111108647,0.055370370370349864,0.0495481481481298,0.06359259259256904,0.06344444444442095,0.34761111111098236,0
0.0562185185184977,0.05763703703701569,0.06252592592590277,0.07429629629626879,0.08097037037034038,0.08174444444441417,0.06948518518515945,0.05467407407405382,0.050514814814796104,0.06255925925923608,0.05592222222220151,0.29345185185174316,0
0.08885185185181894,0.08227407407404361,0.03921111111109659,0.03422962962961695,0.03793333333331928,0.04361851851850236,0.0398629629629482,0.03565555555554235,0.03777407407406008,0.07664444444441605,0.08657407407404201,0.3973703703702232,0
0.08718518518515289,0.07900740740737815,0.0393814814814669,0.036929629629615955,0.043744444444428245,0.05519999999997956,0.04761481481479718,0.03627777777776434,0.03502592592591295,0.07455185185182424,0.07930740740737803,0.3857740740739312,0
0.07737777777774912,0.08058888888885904,0.04587037037035338,0.03768148148146753,0.03661481481480126,0.040662962962947906,0.04227777777776212,0.03702222222220851,0.04427037037035397,0.07474074074071306,0.07737037037034171,0.405522222222072,0
0.09019259259255918,0.08105555555552553,0.03965925925924457,0.0328740740740619,0.03752962962961573,0.043340740740724686,0.040566666666651645,0.03675925925924564,0.042418518518502805,0.07730370370367508,0.08684814814811598,0.3914518518517069,0
0.06942592592590022,0.0735296296296024,0.05632592592590507,0.048911111111092996,0.04677407407405675,0.04861851851850051,0.045333333333316544,0.043199999999984,0.04884814814813006,0.07223703703701029,0.07444814814812058,0.37234814814801026,0
0.06986666666664079,0.07945185185182242,0.04683333333331599,0.04109999999998478,0.04324814814813213,0.047492592592575,0.043337037037020985,0.036744444444430834,0.04187037037035486,0.07302962962960258,0.07253703703701017,0.4044888888887391,0
0.09230740740737321,0.08614074074070883,0.041633333333317916,0.03107037037035886,0.02841111111110059,0.02849259259258204,0.029581481481470526,0.02841111111110059,0.03505925925924627,0.08261481481478422,0.08428518518515397,0.4319925925924326,0
0.026774074074064156,0.02812962962961921,0.037244444444430654,0.06037037037034801,0.1567814814814234,0.26960370370360387,0.13715185185180107,0.05662222222220125,0.03815185185183772,0.02900370370369296,0.029962962962951867,0.13020370370365547,0
0.0802074074073777,0.07772962962960084,0.04448518518516871,0.04127037037035509,0.04572222222220529,0.05074444444442565,0.04979629629627785,0.043381481481465416,0.0449518518518352,0.07452222222219462,0.0757666666666386,0.37142222222208465,0
0.0560592592592385,0.06372592592590233,0.0501851851851666,0.056903703703682626,0.07313703703700995,0.0806740740740442,0.07238518518515838,0.05349259259257278,0.04711851851850107,0.06360370370368015,0.0586148148147931,0.32409999999988,0
0.08204074074071036,0.08244814814811761,0.04290740740739152,0.03444814814813539,0.036074074074060714,0.03909999999998552,0.03365555555554309,0.03168888888887715,0.041174074074058827,0.07587777777774968,0.07786296296293413,0.4227222222220657,0
0.0735333333333061,0.07836296296293394,0.040266666666651754,0.033507407407394996,0.038885185185170784,0.046411111111093924,0.04331851851850248,0.03495555555554261,0.03865925925924494,0.07598148148145334,0.07803703703700814,0.4180814814813266,0
0.07245555555552873,0.07437037037034283,0.04508888888887219,0.04402962962961332,0.04873703703701899,0.05366296296294309,0.0514592592592402,0.04570740740739048,0.04582962962961266,0.07133333333330691,0.07268518518515826,0.374640740740602,0
0.07298888888886186,0.07523703703700917,0.0403370370370221,0.041096296296281074,0.05085185185183302,0.06313703703701365,0.059011111111089254,0.044766666666650086,0.0401814814814666,0.07318888888886178,0.07201111111108444,0.36719259259245657,0
0.058592592592570894,0.0676629629629379,0.05048888888887019,0.05318518518516549,0.06452962962960573,0.0673592592592343,0.05974444444442232,0.04544074074072391,0.044622222222205694,0.06562592592590162,0.06673333333330862,0.35601481481468294,0
0.07361111111108384,0.07395555555552817,0.041559259259243864,0.04086666666665153,0.05327037037035064,0.06862592592590051,0.06235925925923616,0.045225925925909176,0.041392592592577264,0.06912592592590032,0.06929259259256693,0.3607148148146812,0
0.0703518518518258,0.07515925925923142,0.04613703703701995,0.04219259259257697,0.04747407407405649,0.05707407407405293,0.04839259259257467,0.03758518518517127,0.0384444444444302,0.07122962962960325,0.07339999999997282,0.3925592592591139,0
0.0760740740740459,0.07524814814812028,0.04301111111109518,0.04023703703702213,0.04534444444442765,0.05125185185183287,0.05079259259257378,0.043748148148131945,0.045222222222205476,0.07399999999997259,0.07535925925923134,0.3797111111109705,0
0.06485555555553153,0.07040740740738133,0.045640740740723836,0.047477777777760195,0.060422222222199846,0.07457407407404645,0.06617777777775327,0.04912592592590773,0.044348148148131726,0.06502962962960554,0.06312592592590255,0.3488148148146856,0
0.07534444444441654,0.07286666666663968,0.03830740740739322,0.036729629629616026,0.04972592592590751,0.0686111111110857,0.06363333333330977,0.045340740740723945,0.04242592592591021,0.06888148148145597,0.06916296296293735,0.3689703703702337,0
0.05820740740738585,0.06570370370367937,0.05269629629627678,0.0563777777777569,0.07295555555552853,0.09034814814811469,0.0636888888888653,0.03958148148146682,0.03455555555554276,0.06649999999997537,0.06116296296294031,0.33822222222209697,0
0.07075925925923306,0.07647037037034204,0.04951111111109277,0.04585925925924227,0.049988888888870375,0.05308148148146182,0.051366666666647645,0.04228888888887323,0.041703703703688255,0.07041111111108503,0.06933703703701136,0.3792222222220818,0
0.06405555555553183,0.07109629629626997,0.06000740740738518,0.061818518518495624,0.06669629629627159,0.06118888888886623,0.050766666666647864,0.03948148148146686,0.039233333333318805,0.06911481481478922,0.07238518518515838,0.3441555555554281,0
0.07232962962960283,0.07982592592589637,0.04792962962961188,0.04222592592591028,0.043655555555539384,0.04699629629627889,0.04397777777776149,0.040459259259244276,0.04194074074072521,0.07341111111108392,0.07139999999997355,0.3958481481480015,0
0.05347777777775797,0.059777777777755635,0.051229629629610654,0.062174074074051046,0.08381481481478377,0.09124074074070694,0.08090370370367374,0.06097777777775519,0.05021111111109251,0.05824074074071917,0.05371111111109122,0.2942407407406318,0
0.0779851851851563,0.07636296296293468,0.04172592592591047,0.03674814814813454,0.043329629629613585,0.05757777777775645,0.05448518518516501,0.038114814814800696,0.03972592592591121,0.07027407407404805,0.07205185185182517,0.3916185185183735,0
0.04500370370368704,0.05794814814812668,0.05262222222220273,0.061199999999977335,0.08552222222219055,0.10617407407403474,0.08401111111107999,0.05136296296294394,0.037303703703689885,0.057155555555534386,0.055003703703683335,0.306692592592479,0
0.06548148148145723,0.06964074074071495,0.05064074074072199,0.053007407407387776,0.06024444444442213,0.06298518518516186,0.056544444444423504,0.04889259259257448,0.045896296296279296,0.06669999999997529,0.06649259259256797,0.35347407407394316,0
0.06388148148145782,0.06404444444442073,0.05779999999997859,0.06389999999997634,0.07031851851849247,0.07014074074071476,0.0616296296296068,0.0511481481481292,0.052037037037017765,0.06641851851849392,0.05825555555553398,0.32042592592580726,0
0.06281111111108785,0.07140740740738095,0.05196666666664742,0.051281481481462485,0.05348888888886908,0.05432962962960951,0.05088888888887004,0.04488148148146486,0.045840740740723765,0.07043333333330724,0.07017407407404809,0.3724962962961583,0
0.05382222222220229,0.06804074074071555,0.053281481481461744,0.05738518518516393,0.06684814814812338,0.07193703703701039,0.05902962962960777,0.04402592592590962,0.04207777777776219,0.06708888888886404,0.06261851851849533,0.3538444444443134,0
0.08419999999996881,0.0829222222221915,0.039344444444429874,0.02949259259258167,0.02809629629628589,0.03619629629628289,0.03512962962961662,0.03152592592591425,0.04040370370368874,0.07715185185182327,0.08049999999997018,0.4350370370368759,0
0.05477037037035008,0.06198888888886593,0.051529629629610545,0.06059259259257015,0.07787037037034153,0.08617037037033845,0.07319259259256548,0.05228518518516582,0.048003703703685924,0.06151481481479203,0.057259259259238054,0.3148222222221056,0
0.07461481481478718,0.08014814814811846,0.04147407407405871,0.036318518518505066,0.0408185185185034,0.04734814814813061,0.046859259259241906,0.0406555555555405,0.04405925925924294,0.07454814814812054,0.07318518518515808,0.3999703703702222,0
0.07102222222219592,0.0789296296296004,0.05058148148146275,0.04477407407405749,0.04553333333331647,0.04890370370368559,0.04677407407405675,0.03935555555554098,0.042299999999984336,0.07090740740738115,0.0725777777777509,0.38834074074059693,0
0.05351111111109129,0.061207407407384735,0.04263703703702124,0.05186666666664746,0.07928518518515582,0.10237037037033246,0.0814925925925624,0.050977777777758894,0.041033333333318135,0.05891111111108929,0.05790740740738596,0.3187999999998819,0
0.07644814814811983,0.07679629629626786,0.04409259259257626,0.03814074074072661,0.043440740740724654,0.053322222222202474,0.04632222222220506,0.040262962962948054,0.043744444444428245,0.07309999999997292,0.07590370370367559,0.38842592592578207,0
0.07794444444441558,0.07825925925923027,0.04980370370368526,0.045292592592575814,0.05252962962961017,0.06395555555553187,0.05354074074072091,0.03170370370369196,0.02734814814813802,0.0735296296296024,0.07441111111108355,0.37168148148134383,0
0.060740740740718245,0.07041851851849244,0.05064444444442569,0.05064074074072199,0.0531999999999803,0.05354444444442461,0.05020740740738881,0.0433629629629469,0.04583333333331636,0.07285185185182487,0.07212962962960291,0.3764259259257865,0
0.07663703703700865,0.07427777777775027,0.045125925925909215,0.039033333333318876,0.050818518518499695,0.06137407407405134,0.04636666666664949,0.03819999999998585,0.0428851851851693,0.0709777777777515,0.06994444444441854,0.3843592592591169,0
0.07648148148145316,0.07510740740737959,0.041399999999984664,0.03680740740739377,0.04515555555553883,0.0535222222222024,0.051929629629610397,0.04028518518517026,0.040222222222207324,0.07173703703701047,0.07427777777775027,0.39307407407392847,0
0.08038888888885912,0.07979999999997045,0.042255555555539906,0.036988888888875186,0.04198148148146593,0.050296296296277666,0.04683703703701969,0.03921111111109659,0.04398148148146519,0.07288518518515819,0.07291851851849152,0.3924555555554102,0
0.07311481481478774,0.07277407407404712,0.04531111111109433,0.043081481481465525,0.051833333333314136,0.06358518518516164,0.05748148148146019,0.04935185185183357,0.048299999999982114,0.07001111111108518,0.06788888888886374,0.35726666666653434,0
0.09087037037033671,0.08346296296293206,0.03431481481480211,0.02881111111110044,0.03424814814813546,0.0416148148147994,0.04061111111109607,0.034122222222209585,0.036937037037023356,0.07889999999997077,0.08596296296293113,0.41014444444429254,0
0.05534444444442395,0.05877407407405231,0.06314074074071735,0.07598518518515704,0.08575555555552379,0.08028518518515546,0.06852222222219684,0.055103703703683296,0.053944444444424464,0.06126296296294027,0.05676296296294194,0.2851185185184129,0
0.07605925925923109,0.07939629629626689,0.041125925925910696,0.03762222222220829,0.042303703703688036,0.045751851851834904,0.042318518518502844,0.03958888888887423,0.045414814814798,0.07542592592589799,0.07724074074071213,0.39775185185170453,0
0.08256666666663609,0.07797037037034149,0.037185185185171415,0.03173703703702528,0.0390703703703559,0.04644814814813095,0.04471111111109455,0.036629629629616065,0.03870370370368937,0.07452592592589832,0.07619629629626808,0.4142555555554021,0
0.039555555555540904,0.05390740740738744,0.05012222222220366,0.06843333333330799,0.09488888888885375,0.11214444444440291,0.08945185185181873,0.059822222222200065,0.045229629629612876,0.052848148148128576,0.047181481481464005,0.2864148148147087,0
0.06581851851849414,0.06601111111108666,0.041492592592577225,0.04744814814813057,0.06789999999997486,0.08364074074070976,0.07039999999997393,0.05011851851849996,0.04508888888887219,0.06327037037034694,0.06199999999997704,0.3368111111109864,0
0.07010370370367774,0.07198148148145482,0.04353333333331721,0.04279999999998415,0.05398148148146149,0.06809259259256738,0.05903703703701517,0.04750370370368611,0.046618518518501254,0.0681259259259007,0.06418888888886512,0.3640333333331985,0
0.07351481481478758,0.0730629629629359,0.03511481481480181,0.03568518518517197,0.050037037037018506,0.06802962962960443,0.06546666666664241,0.052033333333314065,0.04677777777776045,0.06692222222219743,0.06379259259256896,0.3695629629628261,0
0.07531111111108321,0.07438148148145393,0.04434444444442802,0.04142222222220688,0.04598148148146445,0.05469259259257234,0.051074074074055155,0.044203703703687335,0.04529999999998322,0.07173703703701047,0.07141851851849207,0.38013333333319255,0
0.10548148148144242,0.08937777777774468,0.033811111111098587,0.023414814814806142,0.02393703703702817,0.02997037037035927,0.029155555555544756,0.025770370370360826,0.03296296296295075,0.08430370370367248,0.11022962962958881,0.41158518518503273,0
0.051985185185165934,0.06190740740738448,0.04918518518516697,0.06078148148145897,0.08265925925922865,0.09076296296292935,0.07257037037034349,0.052288888888869525,0.04154814814813276,0.06046296296294057,0.05655925925923831,0.3192888888887706,0
0.07393333333330596,0.07777777777774897,0.039596296296281634,0.03246666666665464,0.04511481481479811,0.07794074074071188,0.04217407407405845,0.03082592592591451,0.034948148148135204,0.07246296296293613,0.07704074074071221,0.395718518518372,0
0.057974074074052605,0.0636851851851616,0.05882962962960784,0.06609629629627181,0.07302592592589888,0.07654074074071239,0.0668666666666419,0.04982592592590747,0.04757037037035275,0.0663814814814569,0.05973333333331121,0.31347037037025427,0
0.05687037037034931,0.0654296296296054,0.04836296296294505,0.0519333333333141,0.07168888888886234,0.08949629629626316,0.07786296296293413,0.057870370370348936,0.05022222222220362,0.061866666666643755,0.05563703703701643,0.31275925925914344,0
0.07335555555552839,0.07726296296293435,0.04889629629627819,0.04534814814813135,0.045796296296279335,0.04586666666664968,0.04258888888887311,0.038681481481467155,0.039648148148133465,0.07185185185182524,0.07270370370367678,0.3979999999998526,0
0.058603703703682,0.0636814814814579,0.04949259259257426,0.0574925925925713,0.07548148148145352,0.08575925925922749,0.0702185185184925,0.05514814814812772,0.04889999999998189,0.06077037037034786,0.05563703703701643,0.31881481481469676,0
0.04448148148146501,0.057214814814793624,0.04657407407405682,0.05274444444442491,0.07154444444441795,0.081933333333303,0.072103703703677,0.05058518518516645,0.0451111111110944,0.06472222222219826,0.06632592592590136,0.3466592592591309,0
0.08436666666663542,0.08059999999997015,0.04197777777776223,0.034885185185172266,0.03528148148146842,0.037970370370356304,0.03634074074072728,0.03513333333332032,0.04327407407405805,0.07739999999997134,0.08097037037034038,0.41179999999984745,0
0.07903703703700776,0.07694814814811965,0.05041481481479614,0.042974074074058156,0.04315555555553957,0.04706296296294553,0.04222222222220658,0.04107037037035516,0.0492444444444262,0.07349999999997278,0.07231481481478803,0.38205555555541404,0
0.07218888888886216,0.07033333333330728,0.04421851851850214,0.04101111111109592,0.04805925925924146,0.05176296296294379,0.04905185185183369,0.042418518518502805,0.04518518518516845,0.07449999999997241,0.07777037037034157,0.38349999999985795,0
0.08370740740737641,0.08136296296293283,0.03902592592591147,0.03353703703702462,0.034692592592579743,0.039859259259244495,0.036222222222208805,0.03331851851850618,0.04171481481479936,0.07689259259256412,0.08139259259256244,0.41827407407391914,0
0.06822592592590065,0.07549629629626833,0.05206296296294368,0.044781481481464894,0.04424814814813176,0.04723703703701954,0.04343703703702095,0.0384444444444302,0.044929629629612985,0.07423333333330584,0.07615185185182365,0.39075185185170713,0
0.0695666666666409,0.07659259259256422,0.05651851851849759,0.051692592592573444,0.05089259259257374,0.05062222222220347,0.044777777777761194,0.041037037037021835,0.04714444444442698,0.07075555555552936,0.06837777777775245,0.3720222222220844,0
0.06657777777775312,0.07037777777775171,0.046870370370353014,0.04725185185183435,0.05952962962960758,0.07224814814812139,0.06344814814812465,0.048699999999981966,0.042092592592577,0.06786296296293783,0.06168888888886604,0.35335185185172097,0
0.0665481481481235,0.071307407407381,0.04745185185183428,0.0471703703703529,0.05902962962960777,0.06354074074071721,0.05524074074072028,0.044355555555539126,0.043492592592576484,0.06953703703701128,0.07135555555552912,0.36097037037023666,0
0.07726666666663805,0.07761481481478606,0.0495518518518335,0.04493703703702039,0.04452222222220573,0.04270740740739159,0.04181851851850303,0.038366666666652456,0.041855555555540054,0.07654074074071239,0.07359629629626904,0.3912222222220773,0
0.08911111111107811,0.08379259259256155,0.034937037037024096,0.02839259259258208,0.025162962962953644,0.028218518518508068,0.029092592592581817,0.033314814814802474,0.04541111111109429,0.0825888888888583,0.08124074074071065,0.43873703703687456,0
0.06713333333330847,0.07359999999997274,0.04914444444442624,0.04805925925924146,0.0558999999999793,0.059459259259237236,0.0520999999999807,0.039492592592577966,0.041244444444429165,0.06787777777775264,0.06768518518516012,0.3783037037035636,0
0.05660370370368274,0.06719999999997511,0.0525777777777583,0.05615185185183105,0.06549629629627204,0.07507777777774997,0.06775555555553046,0.05175555555553639,0.048096296296278485,0.06366666666664308,0.05964444444442235,0.33597407407394964,0
0.0584518518518302,0.061314814814792104,0.03840740740739318,0.04734444444442691,0.08328148148145063,0.11638888888884578,0.09325555555552102,0.053781481481461564,0.04182592592591043,0.055311111111090626,0.05441851851849836,0.2962185185184088,0
0.034788888888876005,0.04339629629628022,0.03972592592591121,0.06301481481479147,0.12035555555551097,0.16288148148142115,0.1232444444443988,0.06491111111108706,0.0454222222222054,0.0450999999999833,0.03754444444443054,0.21961481481473347,0
0.05668148148146049,0.07031851851849247,0.059362962962940975,0.06131851851849581,0.06456666666664275,0.06613703703701254,0.05688888888886782,0.04820370370368585,0.04810740740738959,0.06612222222219773,0.06328148148145804,0.33901111111098553,0
0.05707407407405293,0.06303703703701369,0.04883703703701895,0.05709259259257145,0.0762444444444162,0.08853703703700425,0.07610740740737922,0.05688888888886782,0.04662962962961236,0.05856666666664497,0.05264074074072125,0.3183444444443265,0
0.07552592592589795,0.07919629629626697,0.05074814814812935,0.04485925925924265,0.05016666666664809,0.058740740740718986,0.048814814814796735,0.033659259259246795,0.02997037037035927,0.07572962962960159,0.07317407407404697,0.3794148148146743,0
0.0592370370370151,0.06387407407405042,0.045181481481464746,0.048051851851834054,0.06757777777775274,0.09192962962959558,0.07446296296293538,0.04961851851850014,0.04310370370368774,0.06308888888886552,0.06359999999997644,0.33027407407395176,0
0.06741481481478985,0.06514814814812402,0.05983703703701487,0.06117407407405142,0.06200740740738444,0.06285555555553228,0.05916666666664475,0.049277777777759525,0.04917037037035216,0.06695185185182706,0.06297407407405076,0.3340222222220985,0
0.08027407407404434,0.08055555555552572,0.03941481481480022,0.03498888888887593,0.03989629629628152,0.04310370370368774,0.040318518518503585,0.03575185185183861,0.03905925925924479,0.07680740740737896,0.08106666666663664,0.40876296296281156,0
0.0746370370370094,0.07412592592589848,0.041540740740725356,0.03846666666665242,0.04782962962961192,0.05907407407405219,0.05379629629627637,0.04173703703702158,0.04058148148146645,0.0725814814814546,0.07254074074071387,0.383088888888747,0
0.060348148148125794,0.06968518518515937,0.052340740740721356,0.05370740740738752,0.062485185185162044,0.07014814814812216,0.06958518518515941,0.056759259259238234,0.04974444444442602,0.06296666666664334,0.060540740740718316,0.331688888888766,0
0.06284814814812487,0.06421481481479104,0.03778148148146749,0.04032592592591099,0.06121851851849584,0.10556296296292386,0.06081111111108859,0.04279259259257674,0.04112222222220699,0.06486666666664265,0.06014814814812587,0.3583074074072747,0
0.07601111111108295,0.07427777777775027,0.041333333333318026,0.03682962962961599,0.05044074074072206,0.06752592592590091,0.055622222222201624,0.04024074074072584,0.04096296296294779,0.07253333333330647,0.07457407407404645,0.3696481481480112,0
0.08220370370367326,0.07812222222219328,0.038266666666652495,0.034218518518505846,0.03675185185183824,0.042722222222206396,0.04309629629628033,0.038225925925911765,0.04215185185183624,0.07631851851849025,0.07728148148145286,0.41064074074058865,0
0.07447407407404649,0.07508518518515737,0.04172592592591047,0.03679999999998637,0.0503407407407221,0.06137037037034764,0.046307407407390255,0.04110740740739218,0.045388888888872075,0.07395925925923187,0.06882962962960414,0.3846111111109687,0
0.06091851851849596,0.06827407407404879,0.047692592592574926,0.050311111111092474,0.0584481481481265,0.06534074074071654,0.0581259259259044,0.04661481481479755,0.043288888888872855,0.06777407407404898,0.06709999999997515,0.3661111111109755,0
0.07560740740737941,0.08103333333330331,0.044466666666650195,0.03669999999998641,0.04079999999998489,0.0492370370370188,0.04084444444442931,0.03358888888887645,0.037296296296282484,0.07394074074071336,0.07865925925923013,0.4078259259257749,0
0.059248148148126206,0.06755185185182683,0.04530740740739063,0.04767777777776012,0.06474814814812417,0.08658518518515311,0.07182592592589933,0.04974444444442602,0.045488888888872044,0.0624185185184954,0.062433333333310206,0.3369703703702456,0
0.07447777777775019,0.07187777777775116,0.0419259259259104,0.041948148148132615,0.047477777777760195,0.05532222222220173,0.05331481481479507,0.04885185185183376,0.04900740740738926,0.07108888888886256,0.06706296296293812,0.37764444444430456,0
0.08631111111107914,0.07735555555552691,0.040470370370355384,0.0370074074073937,0.0455814814814646,0.054348148148128016,0.04899629629627815,0.04073703703702195,0.041174074074058827,0.07366666666663939,0.07841851851848948,0.3759333333331941,0
0.0811777777777477,0.07878518518515601,0.04966666666664827,0.04397777777776149,0.042362962962947275,0.0420814814814659,0.04019629629628141,0.037459259259245384,0.043859259259243014,0.07516296296293512,0.07696296296293446,0.3883074074072636,0
0.0848037037036723,0.08122222222219214,0.0370111111110974,0.032325925925913955,0.038629629629615324,0.04585925925924227,0.04197777777776223,0.03511481481480181,0.03809259259257848,0.07595185185182372,0.0794148148147854,0.4095962962961446,0
0.06968888888886308,0.0767037037036753,0.0465407407407235,0.038822222222207846,0.04029629629628137,0.043948148148131874,0.042059259259243684,0.03915925925924475,0.045385185185168375,0.07984074074071117,0.08352222222219129,0.3940333333331874,0
0.07503333333330554,0.07994444444441484,0.04377407407405786,0.041348148148132834,0.04416666666665031,0.04829629629627841,0.045414814814798,0.0387518518518375,0.04167777777776234,0.0738407407407134,0.07122592592589955,0.39652592592577907,0
0.07485555555552784,0.07523703703700917,0.042777777777761934,0.03879259259257822,0.04841481481479688,0.060692592592570115,0.05014074074072217,0.036577777777764234,0.03762592592591199,0.07361851851849126,0.06965185185182605,0.39161481481466975,0
0.07498888888886111,0.07736296296293431,0.03977407407405934,0.03638888888887541,0.047737037037019356,0.06508148148145737,0.05679629629627526,0.038370370370356156,0.03655555555554202,0.07459999999997237,0.07332222222219506,0.3790222222220818,0
0.06021111111108881,0.07170740740738085,0.05937777777775578,0.05927037037034842,0.059366666666644675,0.05929999999997804,0.047992592592574816,0.04070740740739233,0.04217777777776215,0.0711629629629366,0.06420740740738362,0.3645185185183835,0
0.03641851851850503,0.0517777777777586,0.052103703703684404,0.07311481481478774,0.09919629629625956,0.10921481481477437,0.09916666666662993,0.06656296296293832,0.046603703703686446,0.05078518518516638,0.049133333333315134,0.26592222222212375,0
0.07951111111108167,0.07594444444441632,0.04719259259257511,0.0409777777777626,0.046870370370353014,0.0540037037036837,0.046814814814797476,0.033755555555543056,0.0338370370370245,0.07162222222219569,0.07371481481478752,0.395755555555409,0
0.06219999999997696,0.07081111111108489,0.05043703703701836,0.04888518518516708,0.06037037037034801,0.07744444444441576,0.06126296296294027,0.05057777777775904,0.04689999999998263,0.06374814814812453,0.06210740740738441,0.3452555555554277,0
0.06055185185182942,0.06764074074071569,0.048562962962944975,0.051162962962944016,0.06751851851849351,0.07707407407404553,0.06295555555553224,0.046148148148131056,0.04418518518516882,0.06314814814812476,0.06561851851849422,0.3454333333332054,0
0.07023333333330732,0.0724185185184917,0.048303703703685814,0.04535555555553876,0.05242222222220281,0.06500740740738332,0.05819259259257104,0.04902962962961147,0.04745925925924168,0.06782962962960451,0.06441851851849466,0.35932962962949655,0
0.08245185185182131,0.08313333333330254,0.042718518518502696,0.0319296296296178,0.0311259259259144,0.03409629629628367,0.03567777777776456,0.03471111111109826,0.04106666666665146,0.07881481481478562,0.07934074074071136,0.42493333333317596,0
0.07390740740738004,0.07587037037034226,0.051611111111092,0.04614074074072365,0.04951851851850018,0.0517666666666475,0.04440740740739096,0.035440740740727616,0.03452592592591314,0.07437777777775023,0.07405555555552813,0.38837777777763394,0
0.06826666666664138,0.0783037037036747,0.04556666666664979,0.040637037037021984,0.04434444444442802,0.04737407407405653,0.04439259259257615,0.03953333333331869,0.043699999999983814,0.07418518518515771,0.07136666666664024,0.4023296296294806,0
0.06283703703701377,0.07117407407404772,0.05768518518516382,0.057670370370349014,0.0592407407407188,0.06122962962960695,0.055518518518497956,0.047288888888871373,0.043799999999983776,0.0649592592592352,0.06499259259256852,0.35360370370357275,0
0.07182222222219563,0.07402962962960222,0.038577777777763486,0.037144444444430685,0.051940740740721504,0.06725555555553064,0.061970370370347416,0.045274074074057306,0.044311111111094696,0.06809629629627108,0.06967037037034457,0.3699074074072704,0
0.09591481481477929,0.08514444444441291,0.034222222222209546,0.024418518518509475,0.022588888888880523,0.025962962962953348,0.02679259259258267,0.02679259259258267,0.03455185185183905,0.08329629629626545,0.08688148148144931,0.4534333333331654,0
0.047014814814797405,0.05325185185183213,0.04894444444442632,0.06105185185182924,0.09136666666663283,0.11000370370366296,0.09384814814811339,0.06308148148145812,0.04787037037035264,0.054899999999979666,0.050499999999981296,0.27816666666656364,0
0.05612962962960884,0.06158518518516238,0.06492962962960558,0.07425925925923176,0.08104074074071073,0.07695185185182335,0.06662222222219755,0.05380370370368378,0.053170370370350675,0.06277037037034712,0.05867407407405234,0.29006296296285555,0
0.06635185185182728,0.06876296296293749,0.046048148148131095,0.04976296296294453,0.06004814814812591,0.07155925925923276,0.06377407407405046,0.0509814814814626,0.04614074074072365,0.06818888888886364,0.06549999999997574,0.3428814814813545,0
0.06054444444442202,0.0695629629629372,0.046555555555538315,0.04661481481479755,0.05882962962960784,0.07692592592589743,0.06929629629627063,0.05309999999998034,0.04552962962961277,0.06360740740738385,0.05789999999997855,0.35153333333320314,0
0.06109999999997737,0.06839629629627096,0.04307037037035442,0.04661481481479755,0.06298888888886556,0.0865518518518198,0.07492592592589818,0.04795185185183409,0.040314814814799885,0.06489999999997596,0.062429629629606506,0.34075555555542936,0
0.06530740740738322,0.06774074074071565,0.046603703703686446,0.048455555555537606,0.06188148148145856,0.08204074074071036,0.06767777777775272,0.04785555555553783,0.04350740740739129,0.06315555555553216,0.06026296296294064,0.34551111111098315,0
0.07967037037034086,0.07532962962960173,0.036518518518504996,0.03578888888887563,0.04237407407405838,0.051370370370351345,0.05279259259257304,0.04493703703702039,0.04602222222220518,0.072103703703677,0.07224814814812139,0.39084444444429967,0
0.06680740740738267,0.06913703703701143,0.040918518518503366,0.044670370370353825,0.0605148148147924,0.07515185185182402,0.06876296296293749,0.04909999999998182,0.04530370370368692,0.06427407407405027,0.06308148148145812,0.3522777777776473,0
0.07007407407404811,0.07320370370367658,0.056040740740719984,0.05253333333331388,0.04985925925924079,0.05094814814812928,0.04853333333331536,0.044459259259242795,0.04626666666664953,0.07159629629626978,0.06788888888886374,0.36859629629615975,0
0.08477407407404268,0.08195925925922891,0.03238888888887689,0.028151851851841426,0.028851851851841165,0.0374851851851713,0.04043333333331836,0.03818518518517104,0.044674074074057525,0.07998148148145186,0.08414814814811698,0.4189666666665115,0
0.06889259259256708,0.07064814814812198,0.04691111111109374,0.04785185185183413,0.05482222222220192,0.06791111111108596,0.06585925925923487,0.053466666666646866,0.049366666666648386,0.06690370370367893,0.06454074074071683,0.34282592592579897,0
0.0725925925925657,0.07468518518515753,0.04153333333331795,0.0393888888888743,0.05189999999998078,0.06547407407404983,0.05182592592590673,0.03576666666665342,0.038274074074059895,0.06926296296293731,0.07377407407404675,0.38552222222207944,0
0.09627037037033472,0.08739999999996763,0.03538888888887578,0.025211111111101775,0.025959259259249644,0.03139629629628467,0.029544444444433503,0.0273148148148047,0.03476666666665379,0.08104444444441443,0.0954370370370017,0.4302666666665073,0
0.07484074074071302,0.07564814814812013,0.040577777777762745,0.038837037037022654,0.04651851851850129,0.0570259259259048,0.05694074074071965,0.045022222222205546,0.04534444444442765,0.07169629629626974,0.0719555555555289,0.3755925925924535,0
0.05395555555553557,0.06264814814812494,0.05636666666664579,0.06424444444442065,0.07742962962960095,0.07815185185182291,0.061562962962940164,0.046555555555538315,0.043644444444428276,0.06364444444442087,0.06000740740738518,0.331788888888766,0
0.05205555555553627,0.06565185185182754,0.05779259259257119,0.06304074074071739,0.07017037037034438,0.07055185185182572,0.06359259259256904,0.052755555555536016,0.049637037037018654,0.06216296296293994,0.05962962962960754,0.33295925925913594,0
0.06707037037034554,0.07641851851849021,0.048055555555537754,0.04484814814813154,0.0495555555555372,0.05707037037034923,0.04982592592590747,0.04114814814813291,0.04186296296294746,0.06983703703701118,0.06954074074071498,0.38476666666652415,0
0.06659999999997533,0.07039999999997393,0.042003703703688146,0.03787037037035634,0.06078148148145897,0.11854074074069684,0.048248148148130277,0.035392592592579486,0.04012962962961477,0.06437037037034653,0.06594444444442002,0.349718518518389,0
0.07477037037034268,0.07551111111108315,0.04429259259257619,0.04122962962961436,0.04301111111109518,0.04700740740739,0.04305555555553961,0.041396296296280964,0.04617037037035327,0.07373333333330602,0.07294074074071373,0.3968814814813345,0
0.09092222222218854,0.07615555555552735,0.0487481481481301,0.040474074074059084,0.036777777777764156,0.037911111111097066,0.03951851851850388,0.0406555555555405,0.048211111111093254,0.07474444444441676,0.0751259259258981,0.3907555555554108,0
0.07809999999997107,0.07518518518515734,0.03439629629628356,0.030614814814803475,0.038892592592578185,0.05411851851849848,0.05108888888886997,0.037396296296282446,0.04277037037035453,0.07562962962960162,0.07561481481478681,0.40619259259244217,0
0.06392592592590225,0.07287037037034338,0.035348148148135056,0.028388888888878375,0.03915925925924475,0.05406666666664664,0.05093703703701817,0.0384370370370228,0.04423333333331695,0.08334074074070988,0.0908333333332997,0.3984592592591117,0
0.06660370370367903,0.07328148148145434,0.04638518518516801,0.047574074074056456,0.05525185185183139,0.06401851851849481,0.060033333333311095,0.0506703703703516,0.04728518518516767,0.06764814814812309,0.06603333333330888,0.35521481481468326,0
0.05288148148146189,0.057411111111089846,0.03937407407405949,0.04995185185183335,0.08439259259256134,0.1215111111110661,0.08578888888885712,0.05323703703701732,0.043037037037021095,0.05750740740738611,0.05118888888886993,0.30371851851840603,0
